4781.29041946078,1969.6087075814194
4781.29041946078,4781.29041946078
940.0153699909667,567.5872941053989
4781.29041946078,2430.4346654865312
1969.6087075814194,3464.9941008347305
746.8490295877375,2430.434606431739
8801.755867077354,7126.494324928538
2404.353324515354,7938.493295734355
2430.4346654865312,1065.2907036465783
2430.434606431739,8801.755867077354
1419.1228330566298,2404.353324515354
2428.4290624380037,2404.353324515354
10677.806602547993,2428.4290624380037
0.0,3630.5766193887225
3752.6983653602147,3630.5766193887225
12661.154675273443,0.0
3464.994017318643,9133.238681609928
9951.13560694762,7938.493212218267
9403.216140654202,940.0153699909667
1419.1228330566298,4318.476028133556
3630.5766193887225,3752.6983653602147
7126.494324928538,2428.4290624380037
940.0153699909667,8801.755867077354
6061.541497240283,9133.238681609928
2404.353324515354,4781.29041946078
7126.494324928538,9951.13560694762
0.0,1419.1228330566298
940.0153699909667,940.0153699909667
5434.274548611849,0.0
2428.4290624380037,7126.494324928538
3464.9941008347305,940.0153699909667
1065.2907036465783,4781.29041946078
567.5872941053989,4318.476028133556
10050.831795540955,746.8490295877375
8801.755867077354,1419.1228330566298
7938.493212218267,3464.994017318643
4978.220509930157,1450.974204227559
4978.220509930157,4978.220509930157
752.6143094440445,0.0
4978.220509930157,1871.3191046794816
1450.974204227559,4032.5813949401295
370.67079082240934,1871.3190456246896
8387.194382780233,6711.932840631416
1969.032165697556,8506.080589839754
1871.3191046794816,532.6067358513205
1871.3190456246896,8387.194382780233
894.2612874485178,1969.032165697556
2013.8675781408815,1969.032165697556
10874.73669301737,2013.8675781408815
567.5872941053989,4198.1639134941215
3338.136881063092,4198.1639134941215
12188.19700747918,567.5872941053989
4032.581311424042,9600.14623112358
9392.020046140571,8506.080506323666
9600.14623112358,752.6143094440445
894.2612874485178,4886.063322238954
4198.1639134941215,3338.136881063092
6711.932840631416,2013.8675781408815
752.6143094440445,8387.194382780233
5874.14043669336,9600.14623112358
1969.032165697556,4978.220509930157
6711.932840631416,9392.020046140571
567.5872941053989,894.2612874485178
752.6143094440445,752.6143094440445
5246.873488064926,567.5872941053989
2013.8675781408815,6711.932840631416
4032.5813949401295,752.6143094440445
532.6067358513205,4978.220509930157
0.0,4886.063322238954
9636.270311243832,370.67079082240934
8387.194382780233,894.2612874485178
8506.080506323666,4032.581311424042
4922.786149620386,1238.5316144849803
4922.786149620386,4922.786149620386
679.1998079593598,532.6067358513205
4922.786149620386,1500.276953318972
1238.5316144849803,4530.284804481311
392.3059488505497,1500.2768942641799
8328.250297767676,6652.98875561886
1880.8537113221983,9003.783999380936
1500.276953318972,0.0
1500.2768942641799,8328.250297767676
361.70550547643603,1880.8537113221983
1954.9234931283252,1880.8537113221983
10819.3023327076,1954.9234931283252
1065.29070364658,4695.867323035302
3279.192796050536,4695.867323035302
11817.15485611867,1065.29070364658
4530.284720965223,9544.711870813808
9020.97789478006,9003.783915864848
9544.711870813808,679.1998079593598
361.70550547643603,5383.766731780135
4695.867323035302,3279.192796050536
6652.98875561886,1954.9234931283252
679.1998079593598,8328.250297767676
5800.725935208676,9544.711870813808
1880.8537113221983,4922.786149620386
6652.98875561886,9020.97789478006
1065.29070364658,361.70550547643603
679.1998079593598,679.1998079593598
5173.458986580242,1065.29070364658
1954.9234931283252,6652.98875561886
4530.284804481311,679.1998079593598
532.6067358513205,4922.786149620386
0.0,5383.766731780135
9577.326226231275,392.3059488505497
8328.250297767676,361.70550547643603
9003.783915864848,4530.284720965223
4282.210184422471,1917.6514725162567
4282.210184422471,4282.210184422471
0.0,752.6143094440445
4282.210184422471,2139.278452458654
1917.6514725162567,4343.816840186878
402.0630198427626,2139.278393403862
8990.190977597445,7314.929435448628
2549.082359721972,8817.316035086504
2139.278452458654,679.1998079593598
848.9675957633658,8990.190977597445
2139.278393403862,2549.082359721972
2616.864172958094,2549.082359721972
10178.726367509684,2616.864172958094
940.0153699909667,4494.259178620882
3941.133475880305,4494.259178620882
12456.156355258352,940.0153699909667
4343.816756670791,8904.135905615893
9659.979393919743,8817.315951570416
8904.135905615893,0.0
848.9675957633658,5121.526127249316
4494.259178620882,3941.133475880305
7314.929435448628,2616.864172958094
0.0,8990.190977597445
5121.526127249316,8904.135905615893
2549.082359721972,4282.210184422471
7314.929435448628,9659.979393919743
0.0,0.0
940.0153699909667,848.9675957633658
4494.259178620882,940.0153699909667
2616.864172958094,7314.929435448628
4343.816840186878,0.0
679.1998079593598,4282.210184422471
752.6143094440445,5121.526127249316
10239.266906061044,402.0630198427626
8990.190977597445,848.9675957633658
8817.315951570416,4343.816756670791
4677.598660465563,1582.0441439963352
4677.598660465563,4677.598660465563
402.0630198427626,370.67079082241406
4677.598660465563,1889.3715347206316
1582.0441439963352,4211.843130422472
0.0,1889.3714756658396
8614.690665582246,6939.429123433428
2180.447813688437,8685.342325322097
1889.3715347206316,392.3059488505497
1889.3714756658396,8614.690665582246
701.6637881902744,2180.447813688437
2241.3638609428936,2180.447813688437
10574.114843552776,2241.3638609428936
746.8490295877422,4377.425648976465
3565.6331638651045,4377.425648976465
12206.24943752033,746.8490295877422
4211.843046906385,9299.524381658985
9410.07247618172,8685.342241806009
9299.524381658985,402.0630198427626
701.6637881902744,5065.3250577212975
4377.425648976465,3565.6331638651045
6939.429123433428,2241.3638609428936
402.0630198427626,8614.690665582246
5523.589147092079,9299.524381658985
2180.447813688437,4677.598660465563
6939.429123433428,9410.07247618172
746.8490295877422,701.6637881902744
402.0630198427626,402.0630198427626
4896.322198463645,746.8490295877422
2241.3638609428936,6939.429123433428
4211.843130422472,402.0630198427626
392.3059488505497,4677.598660465563
370.67079082241406,5065.3250577212975
9863.766594045843,0.0
8614.690665582246,701.6637881902744
8685.342241806009,4211.843046906385
6061.539208948624,628.1834670803754
6061.539208948624,6061.539208948624
2139.278393403862,1871.3190456246884
6061.539208948624,5.9054791927337645E-5
628.1834670803754,5895.42870726647
1889.3714756658396,0.0
7350.366481074348,5587.293507334499
1064.7690623318263,8807.02776581148
5.9054791927337645E-5,1500.2768942641799
0.0,7350.366481074348
1302.5130602731049,1064.7690623318263
1184.8907134293322,1064.7690623318263
11958.055392035838,6061.011225820462
2430.434606431739,1184.8907134293322
2452.1135059952235,6061.011225820462
5895.428623750382,2430.434606431739
10316.87796185449,10316.87796185449
7520.701000515881,8807.027849327567
10683.464930142047,6748.9106345652945
6061.011225820462,2139.278393403862
1302.5130602731049,2452.1135059952235
5587.293507334499,1184.8907134293322
2139.278393403862,7350.366481074348
6997.892153254672,6061.539208948624
1064.7691213866183,10316.87796185449
5587.293507334499,7520.701000515881
2430.434606431739,1302.5130602731049
2139.278393403862,2139.278393403862
6331.977598881978,2430.434606431739
1184.8907724841242,5587.293507334499
5895.42870726647,2139.278393403862
1500.2768942641799,6061.539208948624
1871.3190456246884,6748.9106345652945
8807.02776581148,1889.3714756658396
8807.027849327567,1302.5130602731049
7350.366481074348,5895.428623750382
4906.7127598850875,1200.1960405518175
4906.7127598850875,4906.7127598850875
848.9675957633679,894.2612874485178
4906.7127598850875,1302.5131193278994
1200.1960405518175,4884.116933891361
701.6637881902744,1302.5130602731074
8355.484108056733,6677.812727765218
1891.1423076785306,9357.616128790987
1302.5131193278994,361.70550547643603
0.0,8355.484108056733
1302.5130602731074,1891.1423076785306
1982.1573034173816,1891.1423076785306
10803.228942972302,1982.1573034173816
1419.1228330566312,5029.464538608873
3306.4266063395926,5029.464538608873
11619.391022127598,1419.1228330566312
4884.116850375274,9528.63848107851
8823.214060788989,9357.616045274899
9528.63848107851,848.9675957633679
0.0,5695.379092981567
5049.699452445354,3306.4266063395926
6677.812727765218,1982.1573034173816
848.9675957633679,8355.484108056733
5695.379092981567,9528.63848107851
1891.1423076785306,4906.7127598850875
6677.812727765218,8823.214060788989
1419.1228330566312,0.0
848.9675957633679,848.9675957633679
5029.464538608873,1419.1228330566312
1982.1573034173816,6677.812727765218
4884.116933891361,848.9675957633679
361.70550547643603,4906.7127598850875
894.2612874485178,5695.379092981567
9604.560036520332,701.6637881902744
8355.484108056733,0.0
9357.616045274899,4884.116850375274
0.0,0.0
0.0,6106.8569503179715
4282.210184422472,4978.220509930157
0.0,6061.539268003416
6106.8569503179715,6062.923537891821
4677.598660465563,6061.539208948624
13246.734896477934,11571.473354329119
6791.091209981686,8966.248704367616
6061.539268003416,4922.786149620386
6061.539208948624,11292.483391255406
4906.7127598850875,6791.091209981686
6873.4080918385835,6791.091209981686
5896.516183087214,6873.4080918385835
4781.29041946078,5849.56044398156
8197.677394760794,5849.56044398156
8246.284436779422,4781.29041946078
4621.925721193422,4621.925721193422
13582.240209464504,8966.248787883702
4621.925721193422,4282.210184422472
8411.867038849503,5896.516183087214
4906.7127598850875,8197.677394760794
11571.473354329119,6873.4080918385835
4282.210184422472,11292.483391255406
5896.516183087214,4621.925721193422
6791.091209981686,0.0
11571.473354329119,11489.848385743368
4781.29041946078,4906.7127598850875
4282.210184422472,4282.210184422472
5849.56044398156,4781.29041946078
6873.4080918385835,11571.473354329119
8246.28452029551,4282.210184422472
4922.786149620386,0.0
4978.220509930157,5896.516183087214
14495.810824941535,4677.598660465563
12719.783631679047,4906.7127598850875
13246.734896477934,6062.923454375733
6873.4080918385835,802.7478945868561
6873.4080918385835,6873.4080918385835
2616.864172958093,2013.8675781408822
6873.4080918385835,1184.8907134293322
802.7478945868561,5893.423163272734
2241.3638609428936,1184.8907134293322
6373.326804639351,4698.065262490534
120.12685466428604,7622.40273310295
1184.8907724841242,1954.9234931283252
1184.8907134293322,6373.326804639351
1982.1573034173798,120.12685466428604
0.0,120.12685466428604
12769.924274925797,6059.005681826726
1324.2693029222107,0.0
2428.4290624380037,6059.005681826726
5893.423079756647,2428.4290624380037
10232.72561283544,10232.72561283544
7776.170112674953,7622.402816619037
11495.333813032004,6746.905090571559
6059.005681826726,2616.864172958093
1982.1573034173798,1324.2693029222107
4698.065262490534,0.0
2616.864172958093,6373.326804639351
7677.536396398947,6873.4080918385835
120.12685466428604,10232.72561283544
4698.065262490534,7776.170112674953
2428.4290624380037,1982.1573034173798
2616.864172958093,2616.864172958093
7011.621842026253,2428.4290624380037
0.0,4698.065262490534
5893.423163272734,2616.864172958093
1954.9234931283252,6873.4080918385835
2013.8675781408822,6746.905090571559
7622.40273310295,2241.3638609428936
7622.402816619037,1982.1573034173798
6373.326804639351,5893.423079756647
6791.091209981687,700.545309059659
6791.091209981687,6791.091209981687
2549.082359721972,1969.032165697556
6791.091209981687,1064.769062331828
700.545309059659,5869.347425350086
2180.447813688437,1064.769062331828
6473.6349081360595,4786.670420086688
0.0,7742.480314805977
1064.76912138662,1880.8537113221992
1064.769062331828,6473.6349081360595
1891.1423076785306,0.0
120.12685466428604,0.0
12687.607393068902,6034.929943904079
2404.353324515356,120.12685466428604
1435.1154562411866,6034.929943904079
5869.347341833998,2404.353324515356
10266.429865441074,10266.429865441074
7757.333148954616,7742.4803983220645
11413.016931175109,6722.8293526489115
6034.929943904079,2549.082359721972
1891.1423076785306,1435.1154562411866
4786.670420086688,120.12685466428604
2549.082359721972,6473.6349081360595
7586.521400660097,6791.091209981687
0.0,10266.429865441074
4786.670420086688,7757.333148954616
2404.353324515356,1891.1423076785306
2549.082359721972,2549.082359721972
6920.606846287404,2404.353324515356
120.12685466428604,4786.670420086688
5869.347425350086,2549.082359721972
1880.8537113221992,6791.091209981687
1969.032165697556,6722.8293526489115
7742.480314805977,2180.447813688437
7742.4803983220645,1891.1423076785306
6473.6349081360595,5869.347341833998
6106.8569503179715,0.0
6106.8569503179715,6106.8569503179715
1917.6514725162567,1450.9742042275604
6106.8569503179715,628.1835261351673
0.0,5434.60280841615
1582.0441439963352,628.1834670803754
7174.180217195719,5487.215729146347
700.545309059659,8425.150627689809
628.1835261351673,1238.5316144849803
628.1834670803754,7174.180217195719
1200.1960405518175,700.545309059659
802.7478945868584,700.545309059659
12003.373133405184,802.7478945868584
1969.6087075814194,5600.185326970142
2127.017197509069,5600.185326970142
10945.061428934865,1969.6087075814194
5434.602724900062,10728.782671511393
8148.884467596256,8425.150711205895
10728.782671511393,1917.6514725162567
1200.1960405518175,6288.084735714975
5600.185326970142,2127.017197509069
5487.215729146347,802.7478945868584
1917.6514725162567,7174.180217195719
6895.575133533384,10728.782671511393
700.545309059659,6106.8569503179715
5487.215729146347,8148.884467596256
1969.6087075814194,1200.1960405518175
1917.6514725162567,1917.6514725162567
6229.660579160691,1969.6087075814194
802.7478945868584,5487.215729146347
5434.60280841615,1917.6514725162567
1238.5316144849803,6106.8569503179715
1450.9742042275604,6288.084735714975
8425.150627689809,1582.0441439963352
7174.180217195719,1200.1960405518175
8425.150711205895,5434.602724900062
0.0,0.0
0.0,6106.8569503179715
4282.210184422472,4978.220509930157
0.0,6061.539268003416
6106.8569503179715,6062.923537891821
4677.598660465563,6061.539208948624
11292.483391255406,11571.473354329119
6791.091209981686,8966.248704367616
6061.539268003416,4922.786149620386
4906.7127598850875,11292.483391255406
6061.539208948624,6791.091209981686
6873.4080918385835,6791.091209981686
5896.516183087214,5849.56044398156
4781.29041946078,6873.4080918385835
8197.677394760794,5849.56044398156
4621.925721193422,4781.29041946078
6062.923454375733,4621.925721193422
11489.848385743368,8966.248787883702
4621.925721193422,5896.516183087214
5849.56044398156,4282.210184422472
4906.7127598850875,8197.677394760794
12011.316242418841,6873.4080918385835
4282.210184422472,11292.483391255406
5896.516183087214,4621.925721193422
6791.091209981686,0.0
11571.473354329119,11489.848385743368
4282.210184422472,4282.210184422472
5222.225554413439,4906.7127598850875
5849.56044398156,4781.29041946078
6873.4080918385835,11571.473354329119
6062.923537891821,4282.210184422472
4978.220509930157,0.0
4922.786149620386,4677.598660465563
8966.248704367616,5896.516183087214
10536.422649275359,4906.7127598850875
12043.144238826924,6062.923454375733
4906.7127598850875,1200.1960405518175
4906.7127598850875,4906.7127598850875
848.9675957633679,894.2612874485178
4906.7127598850875,1302.5131193278994
1200.1960405518175,4884.116933891361
701.6637881902744,1302.5130602731074
8355.484108056733,6677.812727765218
1891.1423076785306,9357.616128790987
1302.5131193278994,361.70550547643603
1302.5130602731074,8355.484108056733
0.0,1891.1423076785306
1982.1573034173816,1891.1423076785306
5695.379092981567,5029.464538608873
1419.1228330566312,1982.1573034173816
3306.4266063395926,5029.464538608873
9528.63848107851,1419.1228330566312
5192.784352434159,9528.63848107851
8823.214060788989,9357.616045274899
9528.63848107851,5695.379092981567
5029.464538608873,848.9675957633679
0.0,3306.4266063395926
11141.177140477268,1982.1573034173816
848.9675957633679,8355.484108056733
5695.379092981567,9528.63848107851
1891.1423076785306,4906.7127598850875
6677.812727765218,8823.214060788989
848.9675957633679,848.9675957633679
1788.9829657543346,0.0
5029.464538608873,1419.1228330566312
1982.1573034173816,6677.812727765218
5192.784435950246,848.9675957633679
894.2612874485178,4906.7127598850875
361.70550547643603,701.6637881902744
9604.560036520332,5695.379092981567
9666.283547333784,0.0
11173.005136885351,4884.116850375274
4282.210184422471,1917.6514725162567
4282.210184422471,4282.210184422471
0.0,752.6143094440445
4282.210184422471,2139.278452458654
1917.6514725162567,4343.816840186878
402.0630198427626,2139.278393403862
8990.190977597445,7314.929435448628
2549.082359721972,8817.316035086504
2139.278452458654,679.1998079593598
848.9675957633658,8990.190977597445
2139.278393403862,2549.082359721972
2616.864172958094,2549.082359721972
5121.526127249316,4494.259178620882
940.0153699909667,2616.864172958094
3941.133475880305,4494.259178620882
8904.135905615893,940.0153699909667
4343.816756670791,8904.135905615893
9659.979393919743,8817.315951570416
8904.135905615893,5121.526127249316
4494.259178620882,0.0
848.9675957633658,3941.133475880305
10292.2095447139,2616.864172958094
0.0,8990.190977597445
5121.526127249316,8904.135905615893
2549.082359721972,4282.210184422471
7314.929435448628,9659.979393919743
0.0,848.9675957633658
940.0153699909667,0.0
4494.259178620882,940.0153699909667
2616.864172958094,7314.929435448628
4343.816840186878,0.0
752.6143094440445,4282.210184422471
679.1998079593598,402.0630198427626
10239.266906061044,5121.526127249316
10324.037541121983,848.9675957633658
8817.315951570416,4343.816756670791
5896.516183087215,5896.516183087215
5896.516183087215,6288.084735714973
5121.526127249316,4886.063322238953
5896.516183087215,6748.910693620085
6895.575133533384,901.2625026550938
5523.589147092079,6748.910634565294
11485.320323538355,6849.655207182115
7586.521400660097,5374.761697554718
6997.892212309466,5383.766731780132
5695.379092981567,6881.483203590198
6997.892153254674,6722.829352648908
7677.536396398948,6722.829352648908
0.0,687.899408744833
6061.541497240283,6746.9050905715585
9001.80569932116,687.899408744833
4814.762653476372,4318.476028133555
901.2624191390062,4814.762653476372
11682.685318026319,5374.761614038631
4814.762653476372,0.0
687.899408744833,5121.526127249316
5695.379092981567,8071.174393493769
6849.655207182115,6746.9050905715585
5121.526127249316,6881.483203590198
0.0,4814.762653476372
7586.521400660097,5896.516183087215
12373.191820746786,11475.284768848469
4318.476028133555,5121.526127249316
5121.526127249316,5695.379092981567
687.899408744833,4318.476028133555
7677.536396398948,6849.655207182115
901.2625026550938,5121.526127249316
5800.725935208676,5896.516183087215
5874.14043669336,5065.325057721292
9159.085636650565,0.0
5374.761614038631,5695.379092981567
6881.483203590198,901.2624191390062
5849.56044398156,5600.1853269701405
5849.56044398156,5849.56044398156
4494.259178620882,4198.163913494121
5849.56044398156,6061.011284875252
6229.660579160691,213.36309391026091
4896.322198463645,6061.011225820461
6193.583794845365,6161.7557984372825
6920.606846287404,4686.862288809885
6331.977657936773,4695.8673230353
5029.464538608873,6193.583794845365
6331.97759888198,6034.929943904075
7011.621842026255,6034.929943904075
687.899408744833,0.0
5434.274548611849,6059.005681826726
8335.891144948466,0.0
5502.662062221205,3630.5766193887216
213.36301039417324,5502.662062221205
12370.584726771152,4686.862205293798
5502.662062221205,687.899408744833
5029.464538608873,4494.259178620882
0.0,7383.274984748936
6161.7557984372825,6059.005681826726
4494.259178620882,6193.583794845365
687.899408744833,5502.662062221205
6920.606846287404,5849.56044398156
11707.27726637409,10787.385360103635
4494.259178620882,4494.259178620882
3630.5766193887216,5029.464538608873
0.0,3630.5766193887216
7011.621842026255,6161.7557984372825
213.36309391026091,4494.259178620882
5173.458986580242,5849.56044398156
5246.873488064926,687.899408744833
9846.985045395399,4377.425648976459
4686.862205293798,5029.464538608873
6193.583794845365,213.36301039417324
8197.677394760793,8197.677394760793
8197.677394760793,2127.0171975090657
3941.1334758803027,3338.136881063092
8197.677394760793,2452.1134469404315
2127.0171975090657,7217.692466194943
3565.633163865103,2452.1135059952235
5068.654308080819,3461.0618319318464
1435.1154562411866,6414.69217162788
2452.1134469404315,3279.1927960505345
2452.1135059952235,5068.654308080819
3306.4266063395894,1435.1154562411866
1324.2693029222096,1435.1154562411866
14841.408301897747,7383.274984748936
3752.6983653602133,1324.2693029222096
0.0,7383.274984748936
7217.692382678857,3752.6983653602133
10026.645648421376,10026.645648421376
7358.86052404727,8071.1743934937695
10026.645648421376,6414.6922551439675
7383.274984748936,3941.1334758803027
3306.4266063395894,0.0
3461.0618319318464,1324.2693029222096
3941.1334758803027,5068.654308080819
9001.805699321156,10026.645648421376
1435.1154562411866,8197.677394760793
3461.0618319318464,7358.86052404727
3752.6983653602133,3941.1334758803027
3941.1334758803027,3306.4266063395894
8335.891144948462,3752.6983653602133
1324.2693029222096,3461.0618319318464
9409.454536458868,3941.1334758803027
3279.1927960505345,8197.677394760793
3338.136881063092,8071.1743934937695
6414.69217162788,3565.633163865103
5068.654308080819,3306.4266063395894
6414.6922551439675,7217.692382678857
6873.4080918385835,6873.4080918385835
6873.4080918385835,802.7478945868561
2616.864172958093,2013.8675781408822
6873.4080918385835,1184.8907134293322
802.7478945868561,5893.423163272734
2241.3638609428936,1184.8907134293322
6373.326804639351,4698.065262490534
120.12685466428604,7622.40273310295
1184.8907134293322,1954.9234931283252
1982.1573034173798,6373.326804639351
1184.8907134293322,120.12685466428604
0.0,120.12685466428604
15047.488266311811,6059.005681826726
1324.2693029222107,0.0
2428.4290624380037,6059.005681826726
5893.423079756647,2428.4290624380037
10232.72561283544,10232.72561283544
7776.170112674953,6746.905090571559
10232.72561283544,7622.402816619037
6059.005681826726,2616.864172958093
1982.1573034173798,1324.2693029222107
4698.065262490534,0.0
2616.864172958093,6373.326804639351
7677.536396398947,10232.72561283544
120.12685466428604,6873.4080918385835
4698.065262490534,7776.170112674953
2616.864172958093,1982.1573034173798
2428.4290624380037,2616.864172958093
7011.621842026253,2428.4290624380037
0.0,4698.065262490534
10646.457967017555,2616.864172958093
2013.8675781408822,6873.4080918385835
1954.9234931283252,6746.905090571559
7622.40273310295,2241.3638609428936
6373.326804639351,1982.1573034173798
7622.402816619037,5893.423079756647
6791.091209981687,6791.091209981687
6791.091209981687,700.545309059659
2549.082359721972,1969.032165697556
6791.091209981687,1064.769062331828
700.545309059659,5869.347425350086
2180.447813688437,1064.769062331828
6473.6349081360595,4786.670420086688
0.0,7742.480314805977
1064.769062331828,1880.8537113221992
1891.1423076785306,6473.6349081360595
1064.769062331828,0.0
120.12685466428604,0.0
15081.192518917447,6034.929943904079
1435.1154562411866,120.12685466428604
2404.353324515356,6034.929943904079
5869.347341833998,2404.353324515356
10266.429865441074,10266.429865441074
7757.333148954616,6722.8293526489115
10266.429865441074,7742.4803983220645
6034.929943904079,2549.082359721972
1891.1423076785306,1435.1154562411866
4786.670420086688,120.12685466428604
2549.082359721972,6473.6349081360595
7586.521400660097,10266.429865441074
0.0,6791.091209981687
4786.670420086688,7757.333148954616
2549.082359721972,1891.1423076785306
2404.353324515356,2549.082359721972
6920.606846287404,2404.353324515356
120.12685466428604,4786.670420086688
10735.063124613709,2549.082359721972
1969.032165697556,6791.091209981687
1880.8537113221992,6722.8293526489115
7742.480314805977,2180.447813688437
6473.6349081360595,1891.1423076785306
7742.4803983220645,5869.347341833998
6061.539268003416,6061.539268003416
6061.539268003416,628.1835261351673
2139.278452458654,1871.3191046794805
6061.539268003416,0.0
628.1835261351673,5895.428766321262
1889.3715347206316,5.9054791927337645E-5
7350.366422019556,5587.293448279707
1064.7690623318263,8807.027706756688
0.0,1500.276953318972
5.9054791927337645E-5,7350.366422019556
1302.513119327897,1064.7690623318263
1184.8907134293322,1064.7690623318263
15131.64055627607,6061.011284875253
2452.1134469404315,1184.8907134293322
2430.4346654865312,6061.011284875253
5895.428682805174,2430.4346654865312
10316.877902799699,10316.877902799699
7520.700941461089,6748.910693620086
10316.877902799699,8807.027790272776
6061.011284875253,2139.278452458654
1302.513119327897,2452.1134469404315
5587.293448279707,1184.8907134293322
2139.278452458654,7350.366422019556
6997.8922123094635,10316.877902799699
1064.7690623318263,6061.539268003416
5587.293448279707,7520.700941461089
2139.278452458654,2139.278452458654
2430.4346654865312,1302.513119327897
6331.97765793677,2430.4346654865312
1184.8907134293322,5587.293448279707
11535.68615280673,2139.278452458654
1871.3191046794805,6061.539268003416
1500.276953318972,6748.910693620086
8807.027706756688,1889.3715347206316
7350.366422019556,1302.513119327897
8807.027790272776,5895.428682805174
11571.473354329119,5487.215729146348
11571.473354329119,11571.473354329119
7314.929435448627,6711.932840631416
13046.98711251023,5587.293448279708
5487.215729146348,5587.2935073345
6939.429123433428,5948.392704527022
1790.303553075618,0.0
4786.670420086689,4185.5899235972665
5587.293448279708,6652.98875561886
5587.2935073345,1790.303553075618
6677.812727765219,4786.670420086689
4698.065262490534,4786.670420086689
13239.824044793182,6161.755798437283
7126.494324928538,4698.065262490534
3461.0618319318464,6161.755798437283
8425.061391316809,7126.494324928538
5948.392788043109,8425.061391316809
4866.822234647967,6849.655207182116
8425.061391316809,4185.5899235972665
6161.755798437283,7314.929435448627
6677.812727765219,3461.0618319318464
0.0,4698.065262490534
7314.929435448627,1790.303553075618
12373.191820746786,8425.061391316809
4786.670420086689,11571.473354329119
0.0,4866.822234647967
7314.929435448627,7314.929435448627
7126.494324928538,6677.812727765219
11707.277266374093,7126.494324928538
4698.065262490534,0.0
5948.392704527022,7314.929435448627
6652.98875561886,11571.473354329119
6711.932840631416,6849.655207182116
4185.5899235972665,6939.429123433428
1790.303553075618,6677.812727765219
4185.5899235972665,5948.392788043109
11292.483391255406,7174.180217195719
13246.734896477934,11292.483391255406
8990.190977597444,8387.194382780233
11292.483391255406,7350.366422019556
7174.180217195719,7350.366481074348
8614.690665582244,5980.220700935105
0.0,1790.303553075618
6473.6349081360595,2671.9024435053248
7350.366422019556,8328.250297767676
7350.366481074348,0.0
8355.484108056731,6473.6349081360595
6373.3268046393505,6473.6349081360595
11485.320323538355,6193.583794845366
8801.755867077354,6373.3268046393505
5068.654308080819,6193.583794845366
6670.557670061984,8801.755867077354
5980.220784451192,6670.557670061984
4593.801565258268,6881.483203590199
6670.557670061984,2671.9024435053248
6193.583794845366,8990.190977597444
8355.484108056731,5068.654308080819
1790.303553075618,6373.3268046393505
8990.190977597444,0.0
11485.320323538355,11292.483391255406
6473.6349081360595,6670.557670061984
1790.303553075618,4593.801565258268
8990.190977597444,8990.190977597444
8801.755867077354,8355.484108056731
6193.583794845366,8801.755867077354
6373.3268046393505,1790.303553075618
5980.220700935105,8990.190977597444
8328.250297767676,11292.483391255406
8387.194382780233,6881.483203590199
2671.9024435053248,8614.690665582244
0.0,8355.484108056731
2671.9024435053248,5980.220784451192
11489.84838574337,11489.84838574337
13582.240209464504,8148.884467596256
9659.979393919744,9392.02004614057
11489.84838574337,7520.700941461089
8148.884467596256,10574.022266193373
9410.072476181722,7520.701000515881
4593.801565258267,4866.822234647966
7757.333148954616,6318.081602312342
7520.700941461089,9020.97789478006
7520.701000515881,4593.801565258267
8823.214060788987,7757.333148954616
7776.170112674953,7757.333148954616
11682.68531802632,10787.385360103634
9951.13560694762,7776.170112674953
7358.86052404727,10787.385360103634
10574.02234970946,9951.13560694762
6867.9226645499475,6867.9226645499475
0.0,11475.284768848465
6867.9226645499475,6318.081685828429
10787.385360103634,9659.979393919744
8823.214060788987,7358.86052404727
4866.822234647966,7776.170112674953
9659.979393919744,4593.801565258267
11682.68531802632,6867.9226645499475
7757.333148954616,11489.84838574337
4866.822234647966,0.0
9951.13560694762,9659.979393919744
9659.979393919744,8823.214060788987
12370.584726771152,9951.13560694762
7776.170112674953,4866.822234647966
10574.022266193373,9659.979393919744
9020.97789478006,11489.84838574337
9392.02004614057,11475.284768848465
6318.081602312342,9410.072476181722
4593.801565258267,8823.214060788987
6318.081685828429,10574.02234970946
4621.925721193422,10728.782671511393
4621.925721193422,4621.925721193422
12456.156355258354,9600.14623112358
4621.925721193422,10316.877902799699
10945.061428934867,5716.025156131466
12206.249437520331,10316.87796185449
6670.557670061983,8425.061391316807
10266.429865441074,4344.322983174193
10316.877902799699,9544.711870813808
10316.87796185449,6670.557670061983
9528.63848107851,10266.429865441074
10232.725612835442,10266.429865441074
4814.762653476372,5502.662062221205
12661.154675273447,10232.725612835442
10026.645648421376,5502.662062221205
8817.822261589905,9133.238681609928
0.0,0.0
6867.922664549947,4344.32306669028
0.0,8904.135905615894
9031.185271984079,4814.762653476372
11619.391022127596,10026.645648421376
8425.061391316807,10232.725612835442
8904.135905615894,6670.557670061983
4814.762653476372,0.0
10266.429865441074,4621.925721193422
8425.061391316807,6867.922664549947
12282.816278908549,8904.135905615894
12456.156355258354,9528.63848107851
5502.662062221205,9133.238681609928
10232.725612835442,8425.061391316807
8817.822178073817,8904.135905615894
11817.15485611867,4621.925721193422
12188.197007479179,4814.762653476372
4344.322983174193,9299.524381658985
6670.557670061983,9528.63848107851
4344.32306669028,5716.025072615378
8966.248704367616,8425.150627689807
14495.810824941535,8966.248704367616
10239.266906061042,8506.080589839756
8966.248704367616,8807.027706756688
8425.150627689807,8807.02776581148
9863.766594045843,4473.499194899625
2671.9024435053248,4185.5899235972665
7742.480314805978,0.0
8807.027706756688,9003.783999380934
8807.02776581148,2671.9024435053248
9604.56003652033,7742.480314805978
7622.40273310295,7742.480314805978
9159.085636650565,4686.862288809886
10050.831795540955,7622.40273310295
6414.69217162788,4686.862288809886
4344.322983174193,7938.493295734356
4473.499278415712,4344.322983174193
6318.081602312342,5374.761697554719
4344.322983174193,8.351608766676208E-5
4686.862288809886,8817.316035086506
9604.56003652033,6414.69217162788
4185.5899235972665,7622.40273310295
10239.266906061042,2671.9024435053248
9159.085636650565,4344.322983174193
7742.480314805978,8966.248704367616
4185.5899235972665,6318.081602312342
7938.493295734356,9357.616128790987
8817.316035086506,8817.316035086506
9846.985045395399,7938.493295734356
7622.40273310295,4185.5899235972665
4473.499194899625,8817.316035086506
9577.326226231275,8966.248704367616
9636.270311243832,5374.761697554719
0.0,8685.342325322095
2671.9024435053248,9357.616128790987
8.351608766676208E-5,4473.499278415712
5222.225554413438,1969.6087075814194
4781.29041946078,4781.29041946078
940.0153699909667,567.5872941053989
4781.29041946078,2430.4346654865312
1969.6087075814194,3464.9941008347305
746.8490295877375,2430.434606431739
8801.755867077354,7126.494324928538
2404.353324515354,7938.493295734355
2430.4346654865312,1065.2907036465783
2430.434606431739,8801.755867077354
1788.9829657543326,2404.353324515354
2428.4290624380037,2404.353324515354
4318.476028133556,3630.5766193887225
0.0,2428.4290624380037
3752.6983653602147,3630.5766193887225
12282.816278908547,0.0
3464.994017318643,9133.238681609928
9951.13560694762,7938.493212218267
9133.238681609928,940.0153699909667
1419.1228330566298,4318.476028133556
3630.5766193887225,3752.6983653602147
9413.386805361752,2428.4290624380037
940.0153699909667,8801.755867077354
4318.476028133556,9133.238681609928
2404.353324515354,4781.29041946078
7126.494324928538,9951.13560694762
940.0153699909667,940.0153699909667
0.0,1419.1228330566298
3630.5766193887225,0.0
2428.4290624380037,7126.494324928538
3464.9941008347305,940.0153699909667
567.5872941053989,4781.29041946078
1065.2907036465783,4318.476028133556
7938.493295734355,746.8490295877375
9445.214801769835,1419.1228330566298
7938.493212218267,3464.994017318643
4282.210184422471,1917.6514725162567
4282.210184422471,4282.210184422471
0.0,752.6143094440445
4282.210184422471,2139.278452458654
1917.6514725162567,4343.816840186878
402.0630198427626,2139.278393403862
8990.190977597445,7314.929435448628
2549.082359721972,8817.316035086504
2139.278452458654,679.1998079593598
2139.278393403862,8990.190977597445
848.9675957633658,2549.082359721972
2616.864172958094,2549.082359721972
5121.526127249316,4494.259178620882
940.0153699909667,2616.864172958094
3941.133475880305,4494.259178620882
12456.156355258352,940.0153699909667
4343.816756670791,8904.135905615893
9659.979393919743,8817.315951570416
8904.135905615893,0.0
848.9675957633658,5121.526127249316
4494.259178620882,3941.133475880305
10292.2095447139,2616.864172958094
0.0,8990.190977597445
5121.526127249316,8904.135905615893
2549.082359721972,4282.210184422471
7314.929435448628,9659.979393919743
940.0153699909667,0.0
0.0,848.9675957633658
4494.259178620882,940.0153699909667
2616.864172958094,7314.929435448628
4343.816840186878,0.0
752.6143094440445,4282.210184422471
679.1998079593598,5121.526127249316
8817.316035086504,402.0630198427626
10324.037541121983,848.9675957633658
8817.315951570416,4343.816756670791
6062.923454375733,5434.602724900064
8246.284436779424,6062.923454375733
4343.816756670792,4032.5813114240427
6062.923454375733,5895.428682805175
5434.602724900064,5895.428623750383
4211.8430469063815,8.351608766676208E-5
5980.220784451192,5948.392788043109
5869.347341833998,4473.499278415712
5895.428682805175,4530.284720965222
5895.428623750383,5980.220784451192
5192.784352434157,5869.347341833998
5893.423079756647,5869.347341833998
901.2624191390062,213.36301039417324
3464.9940173186437,5893.423079756647
7217.692382678859,213.36301039417324
8817.822261589905,3464.9940173186437
0.0,5716.025072615378
10574.022349709461,4473.499194899625
5716.025072615378,4343.816756670792
4884.116850375273,901.2624191390062
213.36301039417324,7217.692382678859
5948.392788043109,5893.423079756647
4343.816756670792,5980.220784451192
901.2624191390062,5716.025072615378
5869.347341833998,6062.923454375733
5948.392788043109,10574.022349709461
4343.816756670792,4343.816756670792
3464.9940173186437,4884.116850375273
213.36301039417324,3464.9940173186437
5893.423079756647,5948.392788043109
8.351608766676208E-5,4343.816756670792
4530.284720965222,6062.923454375733
4032.5813114240427,901.2624191390062
4473.499278415712,4211.8430469063815
4473.499194899625,4884.116850375273
5980.220784451192,0.0
5849.56044398156,5600.1853269701405
8411.867038849501,5849.56044398156
4494.259178620882,4198.163913494121
5849.56044398156,6061.011284875252
5600.1853269701405,213.36309391026091
4377.425648976459,6061.011225820461
6193.583794845365,6161.7557984372825
6034.929943904075,4686.862288809885
6061.011284875252,4695.8673230353
5029.464538608873,6193.583794845365
6061.011225820461,6034.929943904075
6059.005681826726,6034.929943904075
687.899408744833,0.0
3630.5766193887216,6059.005681826726
7383.274984748936,0.0
9031.185271984079,3630.5766193887216
213.36301039417324,5502.662062221205
10787.385360103635,4686.862205293798
5502.662062221205,687.899408744833
5049.699452445351,4494.259178620882
0.0,7383.274984748936
6161.7557984372825,6059.005681826726
4494.259178620882,6193.583794845365
687.899408744833,5502.662062221205
6034.929943904075,5849.56044398156
6161.7557984372825,10787.385360103635
3630.5766193887216,4494.259178620882
4494.259178620882,5029.464538608873
0.0,3630.5766193887216
6059.005681826726,6161.7557984372825
213.36309391026091,4494.259178620882
4695.8673230353,5849.56044398156
4198.163913494121,687.899408744833
4686.862288809885,4377.425648976459
6193.583794845365,5029.464538608873
4686.862205293798,213.36301039417324
0.0,6106.8569503179715
0.0,0.0
4282.210184422472,4978.220509930157
0.0,6061.539268003416
6106.8569503179715,6062.923537891821
4677.598660465563,6061.539208948624
11292.483391255406,11571.473354329119
6791.091209981686,8966.248704367616
6061.539268003416,4922.786149620386
4906.7127598850875,11292.483391255406
6061.539208948624,6791.091209981686
6873.4080918385835,6791.091209981686
5896.516183087214,5849.56044398156
4781.29041946078,6873.4080918385835
8197.677394760794,5849.56044398156
6062.923454375733,4781.29041946078
4621.925721193422,4621.925721193422
11489.848385743368,8966.248787883702
4621.925721193422,4282.210184422472
5849.56044398156,5896.516183087214
4906.7127598850875,8197.677394760794
13046.987112510229,6873.4080918385835
4282.210184422472,11292.483391255406
5896.516183087214,0.0
6791.091209981686,4621.925721193422
13046.987112510229,11489.848385743368
4781.29041946078,4906.7127598850875
4282.210184422472,4282.210184422472
5849.56044398156,4781.29041946078
6873.4080918385835,11571.473354329119
6062.923537891821,4282.210184422472
4978.220509930157,0.0
4922.786149620386,4677.598660465563
8966.248704367616,5896.516183087214
11292.483391255406,4906.7127598850875
8966.248787883702,6062.923454375733
5896.516183087215,6288.084735714973
5896.516183087215,5896.516183087215
10178.726367509687,4886.063322238953
5896.516183087215,6748.910693620085
12003.373133405186,901.2625026550938
10574.114843552778,6748.910634565294
11485.320323538355,6849.655207182115
12687.607393068902,5374.761697554718
15131.64055627607,5383.766731780132
11958.05539203584,6881.483203590198
5695.379092981567,6722.829352648908
12769.924274925797,6722.829352648908
0.0,687.899408744833
10677.806602547995,6746.9050905715585
14841.408301897747,687.899408744833
901.2624191390062,4318.476028133555
4814.762653476372,4814.762653476372
11682.685318026319,5374.761614038631
4814.762653476372,5121.526127249316
687.899408744833,0.0
10803.228942972302,8071.174393493769
6849.655207182115,6746.9050905715585
5121.526127249316,6881.483203590198
0.0,5896.516183087215
15081.192518917447,4814.762653476372
13239.824044793178,11475.284768848469
4318.476028133555,5695.379092981567
5121.526127249316,5121.526127249316
687.899408744833,4318.476028133555
15047.488266311815,6849.655207182115
901.2625026550938,5121.526127249316
10874.736693017372,5896.516183087215
10819.3023327076,5065.325057721292
9159.085636650565,0.0
11485.320323538355,5695.379092981567
9159.085720166651,901.2624191390062
4621.925721193422,10728.782671511393
4621.925721193422,4621.925721193422
8904.135905615894,9600.14623112358
4621.925721193422,10316.877902799699
10728.782671511393,5716.025156131466
9299.524381658985,10316.87796185449
6670.557670061983,8425.061391316807
11413.016931175109,4344.322983174193
10316.877902799699,9544.711870813808
10683.464930142047,6670.557670061983
9528.63848107851,10266.429865441074
11495.333813032004,10266.429865441074
4814.762653476372,5502.662062221205
10026.645648421376,10232.725612835442
9403.216140654202,5502.662062221205
5716.025072615378,9133.238681609928
0.0,0.0
6867.922664549947,8904.135905615894
0.0,4344.32306669028
5502.662062221205,4814.762653476372
9528.63848107851,10026.645648421376
8425.061391316807,10232.725612835442
8904.135905615894,6670.557670061983
4814.762653476372,0.0
10266.429865441074,4621.925721193422
8425.061391316807,6867.922664549947
8904.135905615894,8904.135905615894
9133.238681609928,9528.63848107851
5502.662062221205,9133.238681609928
10232.725612835442,8425.061391316807
8817.822178073817,8904.135905615894
9600.14623112358,4621.925721193422
9544.711870813808,9299.524381658985
4344.322983174193,4814.762653476372
4344.32306669028,9528.63848107851
6670.557670061983,5716.025072615378
6062.92353789182,6062.92353789182
8246.284520295512,5434.602808416151
4343.816840186879,4032.5813949401304
6062.92353789182,5895.428766321263
5434.602808416151,5895.42870726647
4211.843130422469,0.0
5980.220700935105,5948.392704527022
5869.347425350085,4473.499194899625
11535.686152806731,4530.284804481309
5895.42870726647,5980.220700935105
5192.784435950244,5869.347425350085
5893.423163272734,5869.347425350085
901.2625026550938,213.36309391026091
3464.9941008347314,5893.423163272734
9409.454536458868,213.36309391026091
8.351608766676208E-5,3464.9941008347314
8817.822178073817,5716.025156131465
10574.022266193373,901.2625026550938
8817.822178073817,4343.816840186879
213.36309391026091,4473.499111383538
4884.1169338913605,7217.692466194946
5948.392704527022,5893.423163272734
4343.816840186879,5980.220700935105
901.2625026550938,6062.92353789182
10735.06312461371,5716.025156131465
5948.392704527022,10574.022266193373
4343.816840186879,4343.816840186879
3464.9941008347314,4884.1169338913605
213.36309391026091,3464.9941008347314
10646.457967017555,5948.392704527022
0.0,4343.816840186879
4530.284804481309,6062.92353789182
4032.5813949401304,901.2625026550938
4473.499194899625,4211.843130422469
5980.220700935105,4884.1169338913605
4473.499111383538,8.351608766676208E-5
10536.422649275359,8966.248787883704
12719.783631679049,8425.150711205895
8817.315951570417,8506.080506323668
8966.248787883704,8807.027790272776
8425.150711205895,8807.027849327567
8685.342241806007,4473.499111383538
2671.9025270214124,4185.5899235972665
7742.480398322065,8.351608766676208E-5
8807.027790272776,9003.783915864846
8807.027849327567,2671.9024435053248
9666.283547333782,7742.480398322065
7622.402816619037,7742.480398322065
9159.085720166653,4686.862205293799
6414.6922551439675,7622.402816619037
7938.493212218269,4686.862205293799
4473.499194899625,7938.493212218269
4344.32306669028,4344.32306669028
6318.081685828429,5374.761614038632
4344.32306669028,0.0
4686.862205293799,8817.315951570417
9357.616045274899,6414.6922551439675
4185.5899235972665,7622.402816619037
8817.315951570417,2671.9024435053248
5374.761614038632,4344.32306669028
7742.480398322065,8966.248787883704
4185.590007113354,6318.081685828429
7938.493212218269,8817.315951570417
8817.315951570417,9357.616045274899
4686.862205293799,7938.493212218269
7622.402816619037,4185.5899235972665
4473.499111383538,8817.315951570417
8506.080506323668,8966.248787883704
9003.783915864846,5374.761614038632
8.351608766676208E-5,8685.342241806007
2671.9024435053248,9357.616045274899
0.0,4473.499194899625
12011.316242418841,11571.473354329119
11571.473354329119,5487.215729146348
7314.929435448627,6711.932840631416
13046.98711251023,5587.293448279708
5487.215729146348,5587.2935073345
6939.429123433428,5948.392704527022
1790.303553075618,0.0
4786.670420086689,4185.5899235972665
5587.293448279708,6652.98875561886
5587.2935073345,1790.303553075618
11141.177140477266,4786.670420086689
4698.065262490534,4786.670420086689
6849.655207182116,6161.755798437283
3461.0618319318464,4698.065262490534
7126.494324928538,6161.755798437283
5948.392788043109,7126.494324928538
8425.061391316809,8425.061391316809
4866.822234647967,6849.655207182116
8425.061391316809,4185.5899235972665
6161.755798437283,7314.929435448627
6677.812727765219,3461.0618319318464
0.0,4698.065262490534
10292.2095447139,1790.303553075618
6849.655207182116,8425.061391316809
4786.670420086689,11571.473354329119
0.0,4866.822234647967
9413.386805361753,6677.812727765219
10292.2095447139,7314.929435448627
6161.755798437283,7126.494324928538
4698.065262490534,0.0
5948.392704527022,7314.929435448627
6711.932840631416,11571.473354329119
6652.98875561886,6849.655207182116
4185.590007113354,6939.429123433428
1790.303553075618,6677.812727765219
4185.5899235972665,5948.392788043109
12043.144238826924,11292.483391255406
13246.734896477934,7174.180217195719
8990.190977597444,8387.194382780233
11292.483391255406,7350.366422019556
7174.180217195719,7350.366481074348
8614.690665582244,5980.220700935105
0.0,1790.303553075618
6473.6349081360595,2671.9024435053248
7350.366422019556,8328.250297767676
7350.366481074348,0.0
11173.00513688535,6473.6349081360595
6373.3268046393505,6473.6349081360595
11485.320323538355,6193.583794845366
5068.654308080819,6373.3268046393505
8801.755867077354,6193.583794845366
5980.220784451192,8801.755867077354
6670.557670061984,6670.557670061984
4593.801565258268,6881.483203590199
6670.557670061984,2671.9024435053248
6193.583794845366,8990.190977597444
8355.484108056731,5068.654308080819
1790.303553075618,6373.3268046393505
10324.037541121983,0.0
6881.483203590199,6670.557670061984
6473.6349081360595,11292.483391255406
1790.303553075618,4593.801565258268
9445.214801769836,8355.484108056731
10324.037541121983,8990.190977597444
6193.583794845366,8801.755867077354
6373.3268046393505,1790.303553075618
5980.220700935105,8990.190977597444
8387.194382780233,11292.483391255406
8328.250297767676,6881.483203590199
2671.9025270214124,8614.690665582244
2671.9024435053248,8355.484108056731
0.0,5980.220784451192
673,0.9151671757303506
1.5940981356238537,1.0344338534295519
0.30019181177826626,0.9074820940752673
1.1181095128929661,0.5344338534295517
0.5159280214719234,1.6181095128929661
0.7307394569113599,1.2307394569113599
0.42211906494783846,1.0940981356238537
1.2307394569113599,0.3630330469491192
0.5344338534295517,1.6344532478438352
1.0791935535416006,0.30019181177826626
0.0,0.4074820940752673
1.3926847179825899,0.15528022708882372
1.0940981356238537,0.7307394569113599
0.4151671757303506,2.0036404201542712
0.0,0.42211906494783846
0.816460887502564,1.5791935535416004
0.8926847179825896,1.6344532478438352
1.0344338534295519,1.1181095128929661
0.4074820940752673,0.0
0.5159280214719234,1.1344532478438352
1.0821529281488047,1.5036404201542712
1.0770404706046253,1.5940981356238537
0.3630330469491192,1.1018845956610948
0.15528022708882372,1.0791935535416006
0.3630330469491192,0.5159280214719234
1.5445503256067772,1.4794424986637145
1.648942590979519,1.1222455021041031
1.2797554186690827,1.2274550989740522
1.4794424986637145,0.6375268402034237
1.1222455021041031,1.1375268402034235
1.2471867664863423,0.5186885916006811
0.0,0.15528022708882372
1.0614843901184199,0.23174484431644632
0.6375268402034237,1.2223426414298728
1.1375268402034235,0.0
1.4690796619217088,0.56148439011842
1.0527842649005148,1.0614843901184199
1.4961680213185555,1.0371944235583095
0.4396247723697002,1.0527842649005148
1.2634116837182137,0.5371944235583095
0.5186885916006811,1.7634116837182137
0.5785642932098731,1.0785642932098731
0.3984388843047604,1.0968587057526116
1.0785642932098731,0.23174484431644632
0.5371944235583095,1.7797554186690827
1.2247047393204307,0.4396247723697002
0.15528022708882372,0.5527842649005149
1.3954452881113475,0.0
1.0968587057526116,0.5785642932098731
0.56148439011842,1.9794424986637145
0.15528022708882372,0.3984388843047604
0.8192214576313217,1.7247047393204307
0.8954452881113475,1.7797554186690827
1.0371944235583095,1.2634116837182137
0.5527842649005149,0.15528022708882372
0.5186885916006811,1.2797554186690827
1.2274550989740522,1.9794424986637145
1.2223426414298728,1.5968587057526114
0.23174484431644632,1.2471867664863423
0.23174484431644632,1.2247047393204307
0.0,0.5186885916006811
