0.0,3464.9941008347305
13408.37398788193,940.0153699909667
8678.789533361938,940.0153699909667
9413.386805361752,1419.1228330566298
940.0153699909667,746.8490295877375
9403.216140654202,2404.353324515354
2404.353324515354,9133.238681609928
5543.609532022664,4318.476028133556
9445.214801769835,2404.353324515354
10441.862507101787,0.0
567.5872941053989,4318.476028133556
1788.9829657543326,1969.6087075814194
2430.434606431739,2428.4290624380037
3091.4960850822317,2430.4346654865312
940.0153699909667,567.5872941053989
4781.29041946078,940.0153699909667
4781.29041946078,2428.4290624380037
3464.9941008347305,4781.29041946078
11898.52379183892,3630.5766193887225
1065.2907036465783,0.0
0.0,8801.755867077354
4276.386798511564,2430.434606431739
1419.1228330566298,7126.494324928538
7938.493212218267,9951.13560694762
2428.4290624380037,1065.2907036465783
940.0153699909667,3752.6983653602147
6061.541497240283,3630.5766193887225
10612.197026543321,8801.755867077354
1969.6087075814194,9133.238681609928
746.8490295877375,7126.494324928538
5222.225554413438,7938.493295734355
4156.265147414058,7938.493212218267
3464.994017318643,3464.994017318643
10677.806602547993,4781.29041946078
5434.274548611849,1419.1228330566298
3630.5766193887225,4781.29041946078
567.5872941053989,4032.5813949401295
12188.19700747918,752.6143094440445
7458.612552959188,752.6143094440445
9980.97409946715,894.2612874485178
752.6143094440445,370.67079082240934
9600.14623112358,1969.032165697556
1969.032165697556,9600.14623112358
4323.432551619913,4886.063322238954
10012.802095875233,1969.032165697556
9221.685526699037,567.5872941053989
0.0,4886.063322238954
1601.5819052074103,1450.974204227559
1871.3190456246896,2013.8675781408815
1871.3191046794816,1871.3191046794816
1507.6026640963655,0.0
4978.220509930157,752.6143094440445
4978.220509930157,2013.8675781408815
4032.5813949401295,4978.220509930157
10678.34681143617,4198.1639134941215
532.6067358513205,567.5872941053989
567.5872941053989,8387.194382780233
3056.209818108814,1871.3190456246896
894.2612874485178,6711.932840631416
8506.080506323666,9392.020046140571
2013.8675781408815,532.6067358513205
752.6143094440445,3338.136881063092
5874.14043669336,4198.1639134941215
9392.020046140571,8387.194382780233
1450.974204227559,9600.14623112358
370.67079082240934,6711.932840631416
5034.824493866516,8506.080589839754
2936.0881670113076,8506.080506323666
4032.581311424042,4032.581311424042
10874.73669301737,4978.220509930157
5246.873488064926,894.2612874485178
4198.1639134941215,4978.220509930157
1065.29070364658,4530.284804481311
11817.15485611867,679.1998079593598
7087.5704015986785,679.1998079593598
10971.40935267326,361.70550547643603
679.1998079593598,392.3059488505497
9544.711870813808,1880.8537113221983
1880.8537113221983,9544.711870813808
3952.3904002594036,5383.766731780135
11003.237349081342,1880.8537113221983
8850.643375338528,1065.29070364658
532.6067358513205,5383.766731780135
361.70550547643603,1238.5316144849803
1500.2768942641799,1954.9234931283252
1500.276953318972,1500.276953318972
679.1998079593598,532.6067358513205
4922.786149620386,679.1998079593598
4922.786149620386,1954.9234931283252
5023.0166481462375,4922.786149620386
10307.304660075659,4695.867323035302
0.0,1065.29070364658
1619.2151779503265,8328.250297767676
2685.1676667483043,1500.2768942641799
361.70550547643603,6652.98875561886
9496.515759529775,9020.97789478006
1954.9234931283252,0.0
1210.6731012398038,3279.192796050536
6057.084598458003,4695.867323035302
9020.97789478006,8328.250297767676
1238.5316144849803,9544.711870813808
392.3059488505497,6652.98875561886
5268.4182653615235,9003.783999380936
2565.046015650798,9003.783915864848
5023.01656463015,4530.284720965223
10819.3023327076,4922.786149620386
5391.170044085309,361.70550547643603
5173.458986580242,4922.786149620386
940.0153699909667,4343.816840186878
12468.358617890965,0.0
7738.774163370972,0.0
10292.2095447139,848.9675957633658
0.0,402.0630198427626
8904.135905615893,2549.082359721972
2549.082359721972,8904.135905615893
4603.594162031697,5121.526127249316
10324.037541121983,2549.082359721972
9501.84713711082,940.0153699909667
752.6143094440445,5121.526127249316
848.9675957633658,1917.6514725162567
2139.278393403862,2616.864172958094
2151.480715091265,2139.278452458654
4282.210184422471,0.0
0.0,752.6143094440445
4282.210184422471,2616.864172958094
4343.816840186878,4282.210184422471
10958.508421847953,4494.259178620882
679.1998079593598,940.0153699909667
940.0153699909667,8990.190977597445
3336.3714285205974,2139.278393403862
848.9675957633658,7314.929435448628
8817.315951570416,9659.979393919743
2616.864172958094,679.1998079593598
0.0,3941.133475880305
5121.526127249316,4494.259178620882
9672.181656552355,8990.190977597445
4282.210184422471,8904.135905615893
1917.6514725162567,7314.929435448628
402.0630198427626,8817.316035086504
3216.2497774230915,8817.315951570416
4343.816756670791,4343.816756670791
10178.726367509684,4282.210184422471
4494.259178620882,848.9675957633658
4494.259178620882,4282.210184422471
746.8490295877422,4211.843130422472
12870.421637733727,402.0630198427626
8140.8371832137345,402.0630198427626
10694.272564556662,701.6637881902744
402.0630198427626,0.0
9299.524381658985,2180.447813688437
2180.447813688437,9299.524381658985
5005.65718187446,5065.3250577212975
10726.100560964745,2180.447813688437
9903.910156953583,746.8490295877422
370.67079082241406,5065.3250577212975
1251.0306156061283,1582.0441439963352
1889.3714756658396,2241.3638609428936
2553.5437349340277,1889.3715347206316
402.0630198427626,370.67079082241406
4677.598660465563,402.0630198427626
4677.598660465563,2241.3638609428936
4745.87986002964,4677.598660465563
11360.571441690716,4377.425648976465
392.3059488505497,746.8490295877422
1342.0783898337295,8614.690665582246
3738.43444836336,1889.3714756658396
701.6637881902744,6939.429123433428
9219.378971413178,9410.07247618172
2241.3638609428936,392.3059488505497
402.0630198427626,3565.6331638651045
5523.589147092079,4377.425648976465
10074.244676395117,8614.690665582246
1582.0441439963352,9299.524381658985
0.0,6939.429123433428
4684.273204265233,8685.342325322097
3618.312797265854,8685.342241806009
4745.879776513553,4211.843046906385
10574.114843552776,4677.598660465563
4896.322198463645,701.6637881902744
4896.322198463645,4677.598660465563
2430.434606431739,5895.42870726647
10316.87796185449,2139.278393403862
5587.293507334499,2139.278393403862
5587.293507334499,1302.5130602731049
2139.278393403862,1064.7690623318263
10683.464930142047,1889.3714756658396
1064.7690623318263,10316.87796185449
2452.1135059952235,6748.9106345652945
7350.366481074348,1064.7690623318263
1871.3190456246884,2430.434606431739
1302.5130602731049,6748.9106345652945
7350.366481074348,628.1834670803754
0.0,1184.8907134293322
5.9054791927337645E-5,5.9054791927337645E-5
6061.539208948624,1871.3190456246884
2139.278393403862,2139.278393403862
6061.539208948624,6061.011225820462
11535.68621186152,1184.8907134293322
1500.2768942641799,6061.539208948624
8807.02776581148,2430.434606431739
1184.8907724841242,7350.366481074348
3079.2937633948286,0.0
1302.5130602731049,5587.293507334499
9772.883430931766,1500.2768942641799
1184.8907134293322,7520.701000515881
6997.892153254672,6061.011225820462
2151.4806560364727,2452.1135059952235
7520.701000515881,7350.366481074348
6483.095150074652,10316.87796185449
628.1834670803754,5587.293507334499
1889.3714756658396,8807.02776581148
1064.7691213866183,8807.027849327567
6209.225820158193,5895.428623750382
11958.055392035838,6061.539208948624
6331.977598881978,1302.5130602731049
6633.537572024745,6061.539208948624
1419.1228330566312,4884.116933891361
11619.391022127598,848.9675957633679
6889.806567607606,848.9675957633679
11141.177140477268,0.0
848.9675957633679,701.6637881902744
9528.63848107851,1891.1423076785306
1891.1423076785306,9528.63848107851
3754.626566268331,5695.379092981567
11173.005136885351,1891.1423076785306
8652.879541347455,1419.1228330566312
0.0,5695.379092981567
894.2612874485178,1200.1960405518175
1302.5130602731074,1982.1573034173816
1302.5131193278994,1302.5131193278994
4906.7127598850875,894.2612874485178
848.9675957633679,848.9675957633679
4906.7127598850875,1982.1573034173816
5192.784435950246,4906.7127598850875
10109.540826084587,5029.464538608873
361.70550547643603,1419.1228330566312
1788.9829657543346,8355.484108056733
2487.4038327572316,1302.5130602731074
0.0,6677.812727765218
9666.283547333784,8823.214060788989
1982.1573034173816,361.70550547643603
848.9675957633679,3306.4266063395926
5695.379092981567,5029.464538608873
8823.214060788989,8355.484108056733
4906.7127598850875,9528.63848107851
1200.1960405518175,6677.812727765218
701.6637881902744,9357.616128790987
2367.2821816597257,9357.616045274899
5192.784352434159,4884.116850375274
10803.228942972302,4906.7127598850875
5029.464538608873,0.0
5343.22677438425,4906.7127598850875
4781.29041946078,6062.923537891821
16750.568802313435,4282.210184422472
12020.984347793445,4282.210184422472
13082.786944331023,4906.7127598850875
4282.210184422472,4677.598660465563
4621.925721193422,6791.091209981686
6791.091209981686,6791.091209981686
8885.80434645417,5896.516183087214
11292.483391255406,4621.925721193422
13784.057321533292,4781.29041946078
4978.220509930157,5896.516183087214
4906.7127598850875,6106.8569503179715
6061.539208948624,6873.4080918385835
6433.690899513736,6061.539268003416
0.0,4978.220509930157
4282.210184422472,4282.210184422472
0.0,5849.56044398156
17272.70409219051,0.0
15240.718606270424,6873.4080918385835
4922.786149620386,4781.29041946078
5222.225554413439,11292.483391255406
7618.58161294307,6061.539208948624
4906.7127598850875,11571.473354329119
13964.38583476073,11489.848385743368
6873.4080918385835,4922.786149620386
4282.210184422472,8197.677394760794
5896.516183087214,5849.56044398156
13954.391840974826,11292.483391255406
8626.026941093263,4621.925721193422
0.0,11571.473354329119
6106.8569503179715,8966.248704367616
4677.598660465563,8966.248787883702
7498.459961845563,6062.923454375733
5896.516183087214,0.0
5849.56044398156,4906.7127598850875
8776.469363043354,0.0
2428.4290624380037,5893.423163272734
10232.72561283544,2616.864172958093
4698.065262490534,2616.864172958093
4698.065262490534,1982.1573034173798
2616.864172958093,2241.3638609428936
11495.333813032004,120.12685466428604
120.12685466428604,10232.72561283544
1324.2693029222107,6746.905090571559
6373.326804639351,120.12685466428604
2013.8675781408822,2428.4290624380037
1982.1573034173798,6746.905090571559
6373.326804639351,0.0
1184.8907134293322,802.7478945868561
1184.8907134293322,1184.8907134293322
6873.4080918385835,2013.8675781408822
3368.4444324289707,2616.864172958093
6873.4080918385835,6059.005681826726
10646.457967017555,0.0
1954.9234931283252,6873.4080918385835
7622.40273310295,2428.4290624380037
0.0,6373.326804639351
2428.4290624380037,1184.8907134293322
1982.1573034173798,4698.065262490534
8883.6551860878,1954.9234931283252
0.0,7776.170112674953
7677.536396398947,6059.005681826726
2831.124899180748,1324.2693029222107
7776.170112674953,6373.326804639351
5893.423079756647,10232.72561283544
802.7478945868561,4698.065262490534
2241.3638609428936,7622.40273310295
6888.870063302467,7622.402816619037
120.12685466428604,5893.423079756647
12769.924274925797,6873.4080918385835
7011.621842026253,1982.1573034173798
6059.005681826726,6873.4080918385835
2404.353324515356,5869.347425350086
10266.429865441074,2549.082359721972
4786.670420086688,2549.082359721972
4786.670420086688,1891.1423076785306
2549.082359721972,0.0
11413.016931175109,2180.447813688437
0.0,10266.429865441074
1435.1154562411866,6722.8293526489115
6473.6349081360595,0.0
1969.032165697556,2404.353324515356
1891.1423076785306,6722.8293526489115
6473.6349081360595,700.545309059659
1064.769062331828,120.12685466428604
1064.769062331828,1064.769062331828
6791.091209981687,1969.032165697556
3344.3686945063228,2549.082359721972
6791.091209981687,6034.929943904079
10735.063124613709,120.12685466428604
1880.8537113221992,6791.091209981687
7742.480314805977,2404.353324515356
120.12685466428604,6473.6349081360595
2404.353324515356,1064.769062331828
1891.1423076785306,4786.670420086688
8972.260343683954,1880.8537113221992
120.12685466428604,7757.333148954616
7586.521400660097,6034.929943904079
2740.1099034418985,1435.1154562411866
7757.333148954616,6473.6349081360595
5869.347341833998,10266.429865441074
700.545309059659,4786.670420086688
2180.447813688437,7742.480314805977
0.0,7742.4803983220645
6797.855067563618,5869.347341833998
12687.607393068902,6791.091209981687
6920.606846287404,1891.1423076785306
6034.929943904079,6791.091209981687
1969.6087075814194,5434.60280841615
10945.061428934865,1917.6514725162567
6215.476974414874,1917.6514725162567
6215.476974414874,1200.1960405518175
1917.6514725162567,1582.0441439963352
10728.782671511393,700.545309059659
700.545309059659,10728.782671511393
3080.296973075599,6288.084735714975
7978.549948154723,700.545309059659
7978.549948154723,1969.6087075814194
1450.9742042275604,6288.084735714975
1200.1960405518175,0.0
628.1834670803754,802.7478945868584
628.1835261351673,628.1835261351673
1917.6514725162567,1450.9742042275604
6106.8569503179715,1917.6514725162567
6106.8569503179715,802.7478945868584
12163.869678941895,6106.8569503179715
9435.211232891854,5600.185326970142
1238.5316144849803,1969.6087075814194
2857.6668425072235,7174.180217195719
1813.0742395644997,628.1834670803754
1200.1960405518175,5487.215729146347
10401.06689801214,8148.884467596256
802.7478945868584,1238.5316144849803
2049.1636363151856,2127.017197509069
6895.575133533384,5600.185326970142
8148.884467596256,7174.180217195719
1582.0441439963352,10728.782671511393
0.0,5487.215729146347
6106.908800436905,8425.150627689809
1692.9525884669938,8425.150711205895
6261.468229187048,5434.602724900062
12003.373133405184,6106.8569503179715
6229.660579160691,1200.1960405518175
6411.910651137139,6106.8569503179715
4781.29041946078,6062.923537891821
4621.925721193422,4282.210184422472
13046.987112510229,4282.210184422472
13082.786944331023,4906.7127598850875
4282.210184422472,4677.598660465563
4621.925721193422,6791.091209981686
6791.091209981686,4621.925721193422
8513.652714943848,6791.091209981686
11292.483391255406,5896.516183087214
11292.483391255406,4781.29041946078
4906.7127598850875,5896.516183087214
4978.220509930157,6873.4080918385835
6061.539208948624,6106.8569503179715
6061.539268003416,6061.539268003416
0.0,4282.210184422472
4282.210184422472,4978.220509930157
0.0,0.0
17272.70409219051,6873.4080918385835
14868.566974760102,5849.56044398156
4922.786149620386,4781.29041946078
7246.429981432748,11292.483391255406
5222.225554413439,6061.539208948624
4906.7127598850875,11571.473354329119
13964.38583476073,11489.848385743368
6873.4080918385835,4922.786149620386
5896.516183087214,5849.56044398156
4282.210184422472,8197.677394760794
11489.848385743368,11292.483391255406
4677.598660465563,4621.925721193422
0.0,11571.473354329119
7126.308330335242,8966.248704367616
6106.8569503179715,8966.248787883702
8626.026941093263,6062.923454375733
5896.516183087214,0.0
5849.56044398156,4906.7127598850875
8776.469363043354,0.0
1419.1228330566312,4884.116933891361
11619.391022127598,848.9675957633679
6889.806567607606,848.9675957633679
6889.806567607606,0.0
848.9675957633679,701.6637881902744
9528.63848107851,1891.1423076785306
1891.1423076785306,9528.63848107851
3754.626566268331,1891.1423076785306
8652.879541347455,5695.379092981567
8652.879541347455,1419.1228330566312
894.2612874485178,5695.379092981567
0.0,1982.1573034173816
1302.5130602731074,1200.1960405518175
1302.5131193278994,1302.5131193278994
4906.7127598850875,848.9675957633679
848.9675957633679,894.2612874485178
4906.7127598850875,1982.1573034173816
5192.784435950246,4906.7127598850875
10109.540826084587,5029.464538608873
361.70550547643603,1419.1228330566312
2487.4038327572316,8355.484108056733
1788.9829657543346,1302.5130602731074
0.0,6677.812727765218
11075.396491204874,8823.214060788989
1982.1573034173816,361.70550547643603
5695.379092981567,5029.464538608873
848.9675957633679,3306.4266063395926
8823.214060788989,8355.484108056733
4906.7127598850875,9528.63848107851
701.6637881902744,6677.812727765218
2367.2821816597257,9357.616128790987
1200.1960405518175,9357.616045274899
5192.784352434159,4884.116850375274
10803.228942972302,4906.7127598850875
5029.464538608873,0.0
5343.22677438425,4906.7127598850875
940.0153699909667,4343.816840186878
12468.358617890965,0.0
7738.774163370972,0.0
10292.2095447139,848.9675957633658
0.0,402.0630198427626
8904.135905615893,2549.082359721972
2549.082359721972,8904.135905615893
4603.594162031697,2549.082359721972
10324.037541121983,5121.526127249316
9501.84713711082,940.0153699909667
848.9675957633658,5121.526127249316
752.6143094440445,1917.6514725162567
2139.278393403862,2616.864172958094
2151.480715091265,2139.278452458654
4282.210184422471,752.6143094440445
0.0,0.0
4282.210184422471,2616.864172958094
4343.816840186878,4282.210184422471
10958.508421847953,4494.259178620882
679.1998079593598,940.0153699909667
940.0153699909667,8990.190977597445
3336.3714285205974,2139.278393403862
848.9675957633658,7314.929435448628
8817.315951570416,9659.979393919743
2616.864172958094,679.1998079593598
5121.526127249316,4494.259178620882
0.0,3941.133475880305
9672.181656552355,8990.190977597445
4282.210184422471,8904.135905615893
402.0630198427626,7314.929435448628
1917.6514725162567,8817.316035086504
3216.2497774230915,8817.315951570416
4343.816756670791,4343.816756670791
10178.726367509684,4282.210184422471
4494.259178620882,848.9675957633658
4494.259178620882,4282.210184422471
6061.541497240283,901.2625026550938
4814.762653476372,5121.526127249316
13239.824044793178,5121.526127249316
13275.623876613972,5695.379092981567
5121.526127249316,5065.325057721292
4814.762653476372,6722.829352648908
7670.608486971289,4814.762653476372
14841.408301897747,0.0
11485.320323538355,6722.829352648908
11485.320323538355,4318.476028133555
5695.379092981567,0.0
5874.14043669336,6288.084735714973
7260.804520653179,6746.9050905715585
15131.64055627607,6748.910693620085
9403.736311671786,5121.526127249316
5182.158587365715,4886.063322238953
5896.516183087215,5896.516183087215
17465.54102447346,6746.9050905715585
9159.085636650565,687.899408744833
5800.725935208676,4318.476028133555
4318.476028133555,6881.483203590198
15047.488266311815,6748.910634565294
5970.493723012682,6849.655207182115
14157.22276704368,11475.284768848469
7738.39030020741,5383.766731780132
5121.526127249316,687.899408744833
0.0,8071.174393493769
11682.685318026319,6881.483203590198
5896.516183087215,4814.762653476372
5523.589147092079,6849.655207182115
7039.177599765573,5374.761697554718
15081.192518917447,5374.761614038631
901.2624191390062,901.2624191390062
0.0,5896.516183087215
687.899408744833,5695.379092981567
687.899408744833,5896.516183087215
5434.274548611849,213.36309391026091
5502.662062221205,4494.259178620882
13927.723453538012,4494.259178620882
6161.7557984372825,5029.464538608873
4494.259178620882,4377.425648976459
5502.662062221205,6034.929943904075
7043.341538342855,5502.662062221205
15529.30771064258,687.899408744833
6193.583794845365,6034.929943904075
12173.219732283189,3630.5766193887216
5029.464538608873,687.899408744833
5246.873488064926,5600.1853269701405
6633.537572024745,6059.005681826726
15819.539965020904,6061.011284875252
8776.469363043354,4494.259178620882
4494.259178620882,4198.163913494121
6584.4155918320475,0.0
213.36309391026091,6059.005681826726
9846.985045395399,5849.56044398156
5173.458986580242,3630.5766193887216
3630.5766193887216,6193.583794845365
15735.387675056649,6061.011225820461
5343.226774384248,6161.7557984372825
4686.862205293798,10787.385360103635
7111.123351578976,4695.8673230353
687.899408744833,0.0
4494.259178620882,7383.274984748936
12370.584726771152,6193.583794845365
5849.56044398156,5502.662062221205
4896.322198463645,6161.7557984372825
213.36301039417324,4686.862288809885
6411.910651137139,4686.862205293798
15769.09192766228,213.36301039417324
687.899408744833,5849.56044398156
0.0,5029.464538608873
0.0,5849.56044398156
3752.6983653602133,7217.692466194943
10026.645648421376,3941.1334758803027
3461.0618319318464,3941.1334758803027
3461.0618319318464,3306.4266063395894
3941.1334758803027,1435.1154562411866
12819.603115954214,3565.633163865103
1444.3961575864955,8071.1743934937695
0.0,10026.645648421376
5251.365385007464,1435.1154562411866
3338.136881063092,3752.6983653602133
5068.654308080819,8071.1743934937695
3306.4266063395894,1324.2693029222096
2509.160016351542,2127.0171975090657
2452.1134469404315,2452.1134469404315
8197.677394760793,3338.136881063092
3941.1334758803027,3941.1334758803027
8197.677394760793,7383.274984748936
9409.454536458868,1324.2693029222096
3279.1927960505345,8197.677394760793
6414.69217162788,3752.6983653602133
1324.2693029222096,5068.654308080819
3752.6983653602133,2452.1135059952235
3306.4266063395894,3461.0618319318464
7646.651755529113,3279.1927960505345
1324.2693029222096,7358.86052404727
9001.805699321156,7383.274984748936
3941.1334758803027,0.0
7358.86052404727,5068.654308080819
7217.692382678857,10026.645648421376
2127.0171975090657,3461.0618319318464
1435.1154562411866,6414.69217162788
3565.633163865103,6414.6922551439675
8213.139366224677,7217.692382678857
14094.193577848007,8197.677394760793
8335.891144948462,3306.4266063395894
7383.274984748936,8197.677394760793
2428.4290624380037,5893.423163272734
10232.72561283544,2616.864172958093
4698.065262490534,2616.864172958093
4698.065262490534,1982.1573034173798
2616.864172958093,120.12685466428604
11495.333813032004,2241.3638609428936
120.12685466428604,6746.905090571559
1324.2693029222107,10232.72561283544
6488.368815566152,120.12685466428604
1982.1573034173798,2428.4290624380037
2013.8675781408822,6746.905090571559
6373.326804639351,0.0
1184.8907134293322,802.7478945868561
1184.8907134293322,1184.8907134293322
6873.4080918385835,2013.8675781408822
2616.864172958093,2616.864172958093
6873.4080918385835,6059.005681826726
10646.457967017555,0.0
1954.9234931283252,6873.4080918385835
7622.40273310295,2428.4290624380037
0.0,6373.326804639351
2428.4290624380037,1184.8907134293322
1982.1573034173798,4698.065262490534
8883.6551860878,1954.9234931283252
0.0,7776.170112674953
7677.536396398947,6059.005681826726
2616.864172958093,1324.2693029222107
7776.170112674953,6373.326804639351
5893.423079756647,10232.72561283544
120.12685466428604,4698.065262490534
2241.3638609428936,7622.40273310295
6888.870063302467,7622.402816619037
802.7478945868561,5893.423079756647
12769.924274925797,6873.4080918385835
7011.621842026253,1982.1573034173798
6059.005681826726,6873.4080918385835
2404.353324515356,5869.347425350086
10266.429865441074,2549.082359721972
4786.670420086688,2549.082359721972
4786.670420086688,1891.1423076785306
2549.082359721972,2180.447813688437
11413.016931175109,0.0
0.0,6722.8293526489115
1435.1154562411866,10266.429865441074
6576.973973162306,0.0
1891.1423076785306,2404.353324515356
1969.032165697556,6722.8293526489115
6473.6349081360595,120.12685466428604
1064.769062331828,700.545309059659
1064.769062331828,1064.769062331828
6791.091209981687,1969.032165697556
2549.082359721972,2549.082359721972
6791.091209981687,6034.929943904079
10735.063124613709,120.12685466428604
1880.8537113221992,6791.091209981687
7742.480314805977,2404.353324515356
120.12685466428604,6473.6349081360595
2404.353324515356,1064.769062331828
1891.1423076785306,4786.670420086688
8972.260343683954,1880.8537113221992
120.12685466428604,7757.333148954616
7586.521400660097,6034.929943904079
2549.082359721972,1435.1154562411866
7757.333148954616,6473.6349081360595
5869.347341833998,10266.429865441074
2180.447813688437,4786.670420086688
0.0,7742.480314805977
6797.855067563618,7742.4803983220645
700.545309059659,5869.347341833998
12687.607393068902,6791.091209981687
6920.606846287404,1891.1423076785306
6034.929943904079,6791.091209981687
2430.4346654865312,5895.428766321262
10316.877902799699,2139.278452458654
5587.293448279707,2139.278452458654
5587.293448279707,1302.513119327897
2139.278452458654,1064.7690623318263
10683.464989196838,1889.3715347206316
1064.7691213866183,6748.910693620086
2452.1134469404315,10316.877902799699
7377.597001355325,1064.7690623318263
1871.3191046794805,2430.4346654865312
7350.366422019556,6748.910693620086
2988.24604822202,1184.8907134293322
5.9054791927337645E-5,628.1835261351673
0.0,0.0
6061.539268003416,1871.3191046794805
2139.278452458654,2139.278452458654
6061.539268003416,6061.011284875253
11535.68615280673,6061.539268003416
1500.276953318972,1184.8907134293322
8807.027706756688,2430.4346654865312
1184.8907134293322,7350.366422019556
3079.2938224496206,5.9054791927337645E-5
1302.513119327897,5587.293448279707
9772.883371876975,1500.276953318972
1184.8907724841242,7520.700941461089
7260.80457970797,6061.011284875253
2139.278452458654,2452.1134469404315
7520.700941461089,7350.366422019556
6483.095209129444,10316.877902799699
1889.3715347206316,5587.293448279707
1064.7690623318263,8807.027706756688
6421.488636881124,8807.027790272776
628.1835261351673,5895.428682805174
11958.05545109063,6061.539268003416
6633.537631079536,1302.513119327897
6633.537631079536,6061.539268003416
7126.494324928538,5948.392704527022
8425.061391316809,7314.929435448627
0.0,7314.929435448627
7314.929435448627,6677.812727765219
0.0,4786.670420086689
8529.912990287547,6939.429123433428
4818.19211715482,6849.655207182116
3461.0618319318464,8425.061391316809
1790.303553075618,4786.670420086689
6711.932840631416,7126.494324928538
1790.303553075618,6849.655207182116
11141.177140477266,5487.215729146348
5882.955975919866,4698.065262490534
5587.293448279708,5587.293448279708
11571.473354329119,6711.932840631416
10292.2095447139,7314.929435448627
13046.98711251023,6161.755798437283
5948.392704527022,11571.473354329119
6652.98875561886,4698.065262490534
4185.5899235972665,7126.494324928538
4698.065262490534,1790.303553075618
9413.386805361753,5587.2935073345
6680.222565907914,0.0
4185.5899235972665,6652.98875561886
4698.065262490534,4866.822234647967
13344.67564376392,6161.755798437283
10292.2095447139,3461.0618319318464
4866.822234647967,1790.303553075618
5500.81315707739,8425.061391316809
14574.419729136374,0.0
5948.392788043109,4185.5899235972665
6939.429123433428,5948.392788043109
4786.670420086689,4185.5899235972665
13344.67564376392,11571.473354329119
6161.755798437283,6677.812727765219
6161.755798437283,11571.473354329119
8801.755867077354,5980.220700935105
6670.557670061984,8990.190977597444
1790.303553075618,8990.190977597444
8990.190977597444,8355.484108056731
1790.303553075618,6473.6349081360595
7016.225510195605,8614.690665582244
6493.453659303636,6881.483203590199
5068.654308080819,6670.557670061984
0.0,6473.6349081360595
8387.194382780233,8801.755867077354
0.0,6881.483203590199
11173.00513688535,7174.180217195719
7558.217518068683,6373.3268046393505
7350.366422019556,7350.366422019556
13246.734896477934,8387.194382780233
10324.037541121983,8990.190977597444
11292.483391255406,6193.583794845366
5980.220700935105,11292.483391255406
8328.250297767676,6373.3268046393505
2671.9024435053248,8801.755867077354
6373.3268046393505,0.0
9445.214801769836,7350.366481074348
8355.484108056731,1790.303553075618
2671.9024435053248,8328.250297767676
6373.3268046393505,4593.801565258268
11830.988163671978,6193.583794845366
10324.037541121983,5068.654308080819
4593.801565258268,0.0
7176.074699226207,6670.557670061984
14606.247725544457,1790.303553075618
5980.220784451192,2671.9024435053248
8614.690665582244,5980.220784451192
6473.6349081360595,2671.9024435053248
11830.988163671978,11292.483391255406
6193.583794845366,8355.484108056731
6193.583794845366,11292.483391255406
9951.13560694762,10574.022266193373
6867.9226645499475,9659.979393919744
4866.822234647966,9659.979393919744
6384.105118333885,8823.214060788987
9659.979393919744,7757.333148954616
6867.9226645499475,9410.072476181722
8585.470062847708,11475.284768848465
7358.86052404727,6867.9226645499475
4593.801565258267,7757.333148954616
9392.02004614057,9951.13560694762
4593.801565258267,11475.284768848465
15766.806702143616,7776.170112674953
7520.701000515881,8148.884467596256
7520.700941461089,7520.700941461089
13582.240209464504,9392.02004614057
14917.83910638025,9659.979393919744
11489.84838574337,10787.385360103634
10574.022266193373,7776.170112674953
9020.97789478006,11489.84838574337
6318.081602312342,9951.13560694762
7776.170112674953,4593.801565258267
14039.016367028104,7520.701000515881
8823.214060788987,4866.822234647966
7265.704008763592,9020.97789478006
8705.591713945214,0.0
11682.68531802632,10787.385360103634
14917.83910638025,7358.86052404727
0.0,4593.801565258267
10574.02234970946,6867.9226645499475
8148.884467596256,4866.822234647966
9410.072476181722,6318.081602312342
7757.333148954616,6318.081685828429
19200.049290802723,10574.02234970946
11682.68531802632,11489.84838574337
10787.385360103634,8823.214060788987
10787.385360103634,11489.84838574337
9403.216140654202,5716.025156131466
0.0,8904.135905615894
8425.061391316807,8904.135905615894
8529.912990287547,9528.63848107851
8904.135905615894,10266.429865441074
0.0,9299.524381658985
11413.016931175109,10266.429865441074
10026.645648421376,0.0
7016.225510195605,4814.762653476372
9600.14623112358,9133.238681609928
6670.557670061983,4814.762653476372
10510.141746457939,10728.782671511393
10683.464930142047,10232.725612835442
10316.877902799699,10316.877902799699
13161.6390182607,9600.14623112358
4621.925721193422,8904.135905615894
4621.925721193422,5502.662062221205
8817.822178073817,10232.725612835442
9544.711870813808,4621.925721193422
4344.322983174193,9133.238681609928
12282.816278908549,6670.557670061983
10232.725612835442,10316.87796185449
9528.63848107851,8425.061391316807
4344.32306669028,9544.711870813808
11495.333813032004,6867.922664549947
9936.288780725688,5502.662062221205
4814.762653476372,10026.645648421376
6867.922664549947,6670.557670061983
8817.822261589905,0.0
10728.782671511393,8425.061391316807
9299.524381658985,4344.322983174193
10266.429865441074,4344.32306669028
4621.925721193422,5716.025072615378
4814.762653476372,4621.925721193422
10471.486165174982,9528.63848107851
9031.185271984079,4621.925721193422
10050.831795540955,4473.499194899625
4344.322983174193,8817.316035086506
4185.5899235972665,8817.316035086506
4185.590007113354,9357.616128790987
10239.266906061042,7742.480314805978
4344.322983174193,8685.342325322095
7742.529587767236,5374.761697554719
6414.69217162788,4344.322983174193
2671.9025270214124,7742.480314805978
9636.270311243832,7938.493295734356
2671.9024435053248,5374.761697554719
9666.28363084987,8425.150627689807
8807.293446532283,7622.40273310295
8807.027706756688,8807.027706756688
14495.810824941535,8506.080589839756
8817.316035086506,8817.316035086506
8966.248704367616,4686.862288809886
4473.499194899625,8966.248704367616
9577.326226231275,7622.40273310295
0.0,7938.493295734356
7622.40273310295,2671.9024435053248
7938.493295734356,8807.02776581148
9604.56003652033,4185.5899235972665
8.351608766676208E-5,9003.783999380934
7622.40273310295,6318.081602312342
9159.085636650565,4686.862288809886
8817.316035086506,6414.69217162788
6318.081602312342,2671.9024435053248
8425.150627689807,4344.322983174193
4473.499278415712,4185.5899235972665
13099.526219508976,0.0
9863.766594045843,8.351608766676208E-5
7742.480314805978,4473.499278415712
9159.085636650565,8966.248704367616
4686.862288809886,9357.616128790987
4686.862288809886,8966.248704367616
0.0,3464.9941008347305
12670.783189956428,940.0153699909667
7191.023744602042,940.0153699909667
9413.386805361752,1419.1228330566298
940.0153699909667,746.8490295877375
9403.216140654202,2404.353324515354
2404.353324515354,9133.238681609928
3839.4687807565406,4318.476028133556
9445.214801769835,2404.353324515354
8877.988232651413,0.0
1788.9829657543326,4318.476028133556
567.5872941053989,1969.6087075814194
2430.434606431739,2428.4290624380037
2430.4346654865312,2430.4346654865312
4781.29041946078,940.0153699909667
940.0153699909667,567.5872941053989
4781.29041946078,3630.5766193887225
3464.9941008347305,2428.4290624380037
10146.833639321332,4781.29041946078
1065.2907036465783,0.0
0.0,8801.755867077354
2524.48017917964,2430.434606431739
1419.1228330566298,7126.494324928538
7938.493212218267,9951.13560694762
2428.4290624380037,1065.2907036465783
940.0153699909667,3630.5766193887225
6061.541497240283,3752.6983653602147
10161.68647346997,8801.755867077354
746.8490295877375,9133.238681609928
5222.225554413438,7126.494324928538
3464.994017318643,7938.493295734355
1969.6087075814194,7938.493212218267
2404.353324515354,3464.994017318643
10677.806602547993,4781.29041946078
5434.274548611849,1419.1228330566298
3630.5766193887225,4781.29041946078
940.0153699909667,4343.816840186878
12468.358617890965,0.0
7738.774163370972,0.0
10292.2095447139,848.9675957633658
0.0,402.0630198427626
8904.135905615893,2549.082359721972
2549.082359721972,8904.135905615893
4603.594162031697,5121.526127249316
10324.037541121983,2549.082359721972
9501.84713711082,940.0153699909667
848.9675957633658,5121.526127249316
752.6143094440445,1917.6514725162567
2139.278393403862,2616.864172958094
2151.480715091265,2139.278452458654
4282.210184422471,0.0
0.0,752.6143094440445
4282.210184422471,4494.259178620882
4343.816840186878,2616.864172958094
10958.508421847953,4282.210184422471
679.1998079593598,940.0153699909667
940.0153699909667,8990.190977597445
3336.3714285205974,2139.278393403862
848.9675957633658,7314.929435448628
8817.315951570416,9659.979393919743
2616.864172958094,679.1998079593598
0.0,4494.259178620882
5121.526127249316,3941.133475880305
9672.181656552355,8990.190977597445
402.0630198427626,8904.135905615893
4282.210184422471,7314.929435448628
4343.816756670791,8817.316035086504
1917.6514725162567,8817.315951570416
3216.2497774230915,4343.816756670791
10178.726367509684,4282.210184422471
4494.259178620882,848.9675957633658
4494.259178620882,4282.210184422471
3464.9940173186437,8.351608766676208E-5
8817.822261589905,4343.816756670792
8659.08920201298,4343.816756670792
5948.392788043109,4884.116850375273
4405.00938730961,4211.8430469063815
5716.025072615378,5869.347341833998
5869.347341833998,5716.025072615378
10888.191450043594,901.2624191390062
5980.220784451192,5869.347341833998
7145.401721921037,3464.9940173186437
4032.5813114240427,901.2624191390062
5242.827549003046,5434.602724900064
5895.428623750383,5893.423079756647
13280.526985172402,5895.428682805175
8246.284436779424,4343.816756670792
4343.816756670792,4032.5813114240427
6797.778602226221,213.36301039417324
8.351608766676208E-5,5893.423079756647
4473.499278415712,6062.923454375733
4530.284720965222,3464.9940173186437
3464.9940173186437,5980.220784451192
12095.902011518663,5895.428623750383
4884.116850375273,5948.392788043109
4473.499194899625,10574.022349709461
5893.423079756647,4530.284720965222
4707.6221890150555,7217.692382678859
901.2624191390062,213.36301039417324
10791.580880728054,5980.220784451192
12215.979593221691,5716.025072615378
4211.8430469063815,5948.392788043109
6062.923454375733,4473.499278415712
0.0,4473.499194899625
5434.602724900064,0.0
901.2624191390062,6062.923454375733
213.36301039417324,4884.116850375273
213.36301039417324,6062.923454375733
3630.5766193887216,213.36309391026091
5502.662062221205,4494.259178620882
13927.723453538012,4494.259178620882
6161.7557984372825,5029.464538608873
4570.591989379688,4377.425648976459
5502.662062221205,6034.929943904075
6034.929943904075,5502.662062221205
8784.091104877203,687.899408744833
6193.583794845365,6034.929943904075
12173.219732283189,3630.5766193887216
4198.163913494121,687.899408744833
5029.464538608873,5600.1853269701405
6061.011225820461,6059.005681826726
6331.977657936773,6061.011284875252
8411.867038849501,4494.259178620882
4494.259178620882,4198.163913494121
6584.4155918320475,0.0
213.36309391026091,6059.005681826726
15139.005364693461,5849.56044398156
4695.8673230353,3630.5766193887216
3630.5766193887216,6193.583794845365
7516.868371366105,6061.011225820461
5049.699452445351,6161.7557984372825
4686.862205293798,10787.385360103635
6059.005681826726,4695.8673230353
687.899408744833,7383.274984748936
4494.259178620882,0.0
12370.584726771152,6193.583794845365
5849.56044398156,5502.662062221205
4377.425648976459,6161.7557984372825
213.36301039417324,4686.862288809885
5600.1853269701405,4686.862205293798
7396.746720268598,213.36301039417324
687.899408744833,5849.56044398156
0.0,5029.464538608873
0.0,5849.56044398156
4781.29041946078,6062.923537891821
4621.925721193422,4282.210184422472
13046.987112510229,4282.210184422472
13082.786944331023,4906.7127598850875
4282.210184422472,4677.598660465563
4621.925721193422,6791.091209981686
6791.091209981686,5896.516183087214
14648.571369614798,6791.091209981686
11292.483391255406,4621.925721193422
4978.220509930157,4781.29041946078
4906.7127598850875,5896.516183087214
11292.483391255406,6106.8569503179715
6061.539208948624,6873.4080918385835
14938.80362399312,6061.539268003416
4282.210184422472,4282.210184422472
0.0,4978.220509930157
0.0,5849.56044398156
17272.70409219051,0.0
8966.248704367616,6873.4080918385835
4922.786149620386,4781.29041946078
5222.225554413439,11292.483391255406
14854.651334028864,6061.539208948624
4906.7127598850875,11571.473354329119
13964.38583476073,4922.786149620386
6873.4080918385835,11489.848385743368
5896.516183087214,5849.56044398156
4282.210184422472,8197.677394760794
11489.848385743368,11292.483391255406
8626.026941093263,4621.925721193422
6106.8569503179715,11571.473354329119
0.0,8966.248704367616
4677.598660465563,8966.248787883702
14888.355586634496,6062.923454375733
5896.516183087214,0.0
5849.56044398156,4906.7127598850875
8776.469363043354,0.0
6061.541497240283,901.2625026550938
4814.762653476372,5121.526127249316
13239.824044793178,5121.526127249316
13275.623876613972,5695.379092981567
5121.526127249316,5065.325057721292
4814.762653476372,6722.829352648908
7670.608486971289,0.0
14841.408301897747,6722.829352648908
11485.320323538355,4814.762653476372
5874.14043669336,4318.476028133555
5695.379092981567,0.0
11485.320323538355,6288.084735714973
6997.892153254674,6746.9050905715585
15131.64055627607,6748.910693620085
5121.526127249316,4886.063322238953
5896.516183087215,5121.526127249316
5896.516183087215,687.899408744833
17465.54102447346,5896.516183087215
9159.085636650565,6746.9050905715585
5800.725935208676,4318.476028133555
6061.541497240283,6881.483203590198
15047.488266311815,6748.910634565294
5695.379092981567,6849.655207182115
14157.22276704368,5383.766731780132
7738.39030020741,11475.284768848469
0.0,687.899408744833
5121.526127249316,8071.174393493769
11682.685318026319,6881.483203590198
901.2624191390062,4814.762653476372
7039.177599765573,6849.655207182115
6397.042881171841,5374.761697554718
5896.516183087215,5374.761614038631
15081.192518917447,901.2624191390062
0.0,5896.516183087215
687.899408744833,5695.379092981567
687.899408744833,5896.516183087215
9403.216140654202,5716.025156131466
0.0,8904.135905615894
8425.061391316807,8904.135905615894
8460.861223137601,9528.63848107851
8904.135905615894,10266.429865441074
0.0,9299.524381658985
11413.016931175109,10266.429865441074
10026.645648421376,0.0
6670.557670061983,4814.762653476372
6670.557670061983,9133.238681609928
9600.14623112358,4814.762653476372
9528.63848107851,10728.782671511393
10683.464930142047,10232.725612835442
10316.877902799699,10316.877902799699
16994.595211183965,9600.14623112358
4621.925721193422,8904.135905615894
4621.925721193422,5502.662062221205
12650.778370997088,10232.725612835442
4344.322983174193,4621.925721193422
9544.711870813808,9133.238681609928
16115.77247183182,6670.557670061983
10232.725612835442,10316.87796185449
9528.63848107851,8425.061391316807
9342.460113567307,9544.711870813808
11495.333813032004,6867.922664549947
8904.135905615894,5502.662062221205
10518.441904280637,10026.645648421376
6867.922664549947,6670.557670061983
10728.782671511393,0.0
12650.778454513176,8425.061391316807
10266.429865441074,4344.322983174193
9299.524381658985,5716.025072615378
4621.925721193422,4344.32306669028
4814.762653476372,4621.925721193422
10471.486165174982,9528.63848107851
12864.141464907349,4621.925721193422
3464.9941008347314,0.0
8817.822178073817,4343.816840186879
8659.089118496891,4343.816840186879
5948.392704527022,4884.1169338913605
4343.816840186879,4211.843130422469
13247.952745802771,5869.347425350085
5869.347425350085,901.2625026550938
10888.191366527506,5716.025156131465
5980.220700935105,5869.347425350085
5192.784435950244,3464.9941008347314
5096.431149630923,901.2625026550938
7145.40163840495,5434.602808416151
6495.297496223352,5893.423163272734
13280.526901656314,5895.428766321263
8626.027024609351,4343.816840186879
4343.816840186879,4032.5813949401304
8626.027024609351,6062.92353789182
0.0,213.36309391026091
5023.016648146238,5893.423163272734
4473.499194899625,3464.9941008347314
3464.9941008347314,5980.220700935105
12095.901928002575,5895.42870726647
5192.784435950244,5948.392704527022
4473.499111383538,4530.284804481309
5893.423163272734,10574.022266193373
901.2625026550938,213.36309391026091
4343.816840186879,7217.692466194946
10791.580797211966,5980.220700935105
5434.602808416151,5716.025156131465
12215.979509705603,5948.392704527022
5894.448224140519,4473.499194899625
8626.027024609351,4473.499111383538
8.351608766676208E-5,8.351608766676208E-5
901.2625026550938,6062.92353789182
213.36309391026091,4884.1169338913605
213.36309391026091,6062.92353789182
10050.831879057043,4473.499111383538
4344.32306669028,8817.315951570417
4185.590007113354,8817.315951570417
4185.5899235972665,9357.616045274899
10239.26698957713,7742.480398322065
4344.32306669028,8685.342241806007
7742.480398322065,4344.32306669028
6414.6922551439675,5374.761614038632
2671.9024435053248,7742.480398322065
9666.283547333782,7938.493212218269
2671.9025270214124,5374.761614038632
9636.27039475992,8425.150711205895
8807.293530048371,7622.402816619037
8807.027790272776,8807.027790272776
14495.810908457623,8506.080506323668
8817.315951570417,8817.315951570417
8966.248787883704,4686.862205293799
4473.499111383538,8966.248787883704
9577.326309747363,7622.402816619037
8.351608766676208E-5,7938.493212218269
7622.402816619037,2671.9024435053248
7938.493212218269,8807.027849327567
9604.560120036418,4185.5899235972665
0.0,9003.783915864846
7622.402816619037,6318.081685828429
9159.085720166653,4686.862205293799
8817.315951570417,6414.6922551439675
6318.081685828429,2671.9024435053248
8425.150711205895,4344.32306669028
13099.526135992888,4185.5899235972665
7742.480398322065,8.351608766676208E-5
9863.766677561931,0.0
4473.499194899625,4473.499194899625
9159.085720166653,8966.248787883704
4686.862205293799,9357.616045274899
4686.862205293799,8966.248787883704
7126.494324928538,5948.392704527022
8425.061391316809,7314.929435448627
0.0,7314.929435448627
7314.929435448627,6677.812727765219
0.0,4786.670420086689
8529.912990287547,6939.429123433428
4786.670420086689,6849.655207182116
3461.0618319318464,8425.061391316809
1790.303553075618,4786.670420086689
6711.932840631416,7126.494324928538
11141.177140477266,6849.655207182116
1790.303553075618,5487.215729146348
5882.955975919866,4698.065262490534
5587.293448279708,5587.293448279708
11571.473354329119,6711.932840631416
10292.2095447139,7314.929435448627
11571.473354329119,6161.755798437283
5948.392704527022,11571.473354329119
4185.5899235972665,4698.065262490534
6652.98875561886,7126.494324928538
4698.065262490534,1790.303553075618
9413.386805361753,5587.2935073345
6680.222565907914,0.0
4185.5899235972665,6652.98875561886
4698.065262490534,4866.822234647967
13344.67564376392,6161.755798437283
10292.2095447139,3461.0618319318464
4866.822234647967,1790.303553075618
5500.81315707739,8425.061391316809
4786.670420086689,0.0
6939.429123433428,4185.5899235972665
5948.392788043109,4185.5899235972665
14574.419729136374,5948.392788043109
13344.67564376392,11571.473354329119
6161.755798437283,6677.812727765219
6161.755798437283,11571.473354329119
8801.755867077354,5980.220700935105
6670.557670061984,8990.190977597444
1790.303553075618,8990.190977597444
1790.303553075618,8355.484108056731
8990.190977597444,6473.6349081360595
7016.225510195605,8614.690665582244
6473.6349081360595,6881.483203590199
5068.654308080819,6670.557670061984
0.0,6473.6349081360595
0.0,8801.755867077354
8387.194382780233,6881.483203590199
11173.00513688535,7174.180217195719
7558.217518068683,6373.3268046393505
7350.366422019556,7350.366422019556
13246.734896477934,8387.194382780233
10324.037541121983,8990.190977597444
13246.734896477934,6193.583794845366
5980.220700935105,11292.483391255406
2671.9024435053248,6373.3268046393505
8328.250297767676,8801.755867077354
6373.3268046393505,0.0
9445.214801769836,7350.366481074348
8355.484108056731,1790.303553075618
2671.9024435053248,8328.250297767676
6373.3268046393505,4593.801565258268
11830.988163671978,6193.583794845366
10324.037541121983,5068.654308080819
4593.801565258268,0.0
7176.074699226207,6670.557670061984
6473.6349081360595,1790.303553075618
8614.690665582244,2671.9024435053248
5980.220784451192,2671.9024435053248
14606.247725544457,5980.220784451192
11830.988163671978,11292.483391255406
6193.583794845366,8355.484108056731
6193.583794845366,11292.483391255406
